 $$ 
 $$ 
=======================================
=======================================
2025.01
2
0
 $$ 
=======================================
=======================================
 Spans    3  
 $$  13000.0000000000  
 $$  14000.0000000000  
 $$  13000.0000000000  
=======================================
=======================================
 Nodes_4.0   24  
  1   0.0000000000  0  2000000.0000000000   0    0    0.000000    0.000000    0.000000  
  1   2000.0000000000  0  2000000.0000000000   0    0    0.000000    0.000000    0.000000  
  1   4000.0000000000  0  2000000.0000000000   0    0    0.000000    0.000000    0.000000  
  1   6000.0000000000  0  2000000.0000000000   0    0    0.000000    0.000000    0.000000  
  1   8000.0000000000  0  2000000.0000000000   0    0    0.000000    0.000000    0.000000  
  1   10000.0000000000  0  2000000.0000000000   0    0    0.000000    0.000000    0.000000  
  1   12000.0000000000  0  2000000.0000000000   0    0    0.000000    0.000000    0.000000  
  1   13000.0000000000  0  2000000.0000000000   0    0    0.000000    0.000000    0.000000  
  2   15000.0000000000  1  2000000.0000000000   0    0    0.000000    0.000000    0.000000  
  2   17000.0000000000  0  2000000.0000000000   0    0    0.000000    0.000000    0.000000  
  2   19000.0000000000  0  2000000.0000000000   0    0    0.000000    0.000000    0.000000  
  2   20000.0000000000  1  2000000.0000000000   0    0    0.000000    0.000000    0.000000  
  2   21000.0000000000  0  2000000.0000000000   0    0    0.000000    0.000000    0.000000  
  2   23000.0000000000  0  2000000.0000000000   0    0    0.000000    0.000000    0.000000  
  2   25000.0000000000  1  2000000.0000000000   0    0    0.000000    0.000000    0.000000  
  2   27000.0000000000  0  2000000.0000000000   0    0    0.000000    0.000000    0.000000  
  3   29000.0000000000  0  2000000.0000000000   0    0    0.000000    0.000000    0.000000  
  3   30000.0000000000  1  2000000.0000000000   0    0    0.000000    0.000000    0.000000  
  3   31000.0000000000  0  2000000.0000000000   0    0    0.000000    0.000000    0.000000  
  3   33000.0000000000  0  2000000.0000000000   0    0    0.000000    0.000000    0.000000  
  3   35000.0000000000  1  2000000.0000000000   0    0    0.000000    0.000000    0.000000  
  3   37000.0000000000  0  2000000.0000000000   0    0    0.000000    0.000000    0.000000  
  3   39000.0000000000  0  2000000.0000000000   0    0    0.000000    0.000000    0.000000  
  3   40000.0000000000  0  0.0000000000   0    0    0.000000    0.000000    0.000000  
=======================================
=======================================
 Members_1.0   0  
  23  
  1    1  
  2    1  
  3    1  
  4    1  
  5    1  
  6    1  
  7    1  
  8    2  
  9    2  
  10    2  
  11    2  
  12    2  
  13    2  
  14    2  
  15    2  
  16    1  
  17    1  
  18    1  
  19    1  
  20    1  
  21    1  
  22    1  
  23    1  
=======================================
=======================================
Rigid_Data_Ver1_  3  
  1    0    1    1    0  
  12    0    1    1    0  
  24    1    1    1    0  
=======================================
=======================================
Elastic_Data_Ver1_  0  
=======================================
=======================================
EFW_Data_Ver4_ 
 DMB  5000.0000000000 
 EXW  1750.0000000000  B0  0.0000000000 CVT_Type 0 CVT_a 0.0000000000 CVT_Adia 0.0000000000 CVT_At 0.0000000000 

 EFW 
 1  3875.0000000000  2981.2500000000  3338.7500000000  0.0000000000  0.0000000000  3875.0000000000  2981.2500000000  3338.7500000000  0.0000000000  0.0000000000  
  2  3875.0000000000  3338.7500000000  3696.2500000000  0.0000000000  0.0000000000  3875.0000000000  3338.7500000000  3696.2500000000  0.0000000000  0.0000000000  
  3  3875.0000000000  3696.2500000000  3875.0000000000  0.0000000000  -1.#QNAN00000  3875.0000000000  3696.2500000000  3875.0000000000  0.0000000000  -1.#QNAN00000  
  4  3875.0000000000  3875.0000000000  3875.0000000000  0.0000000000  0.0000000000  3875.0000000000  3875.0000000000  3875.0000000000  0.0000000000  0.0000000000  
  5  3875.0000000000  3875.0000000000  3875.0000000000  -1.#QNAN00000  0.0000000000  3875.0000000000  3875.0000000000  3875.0000000000  -1.#QNAN00000  0.0000000000  
  6  3875.0000000000  3875.0000000000  3875.0000000000  0.0000000000  0.0000000000  3875.0000000000  3875.0000000000  3875.0000000000  0.0000000000  0.0000000000  
  7  3875.0000000000  3875.0000000000  3875.0000000000  0.0000000000  0.0000000000  3875.0000000000  3875.0000000000  3875.0000000000  0.0000000000  0.0000000000  
  8  3875.0000000000  3875.0000000000  3875.0000000000  0.0000000000  -1.#QNAN00000  3875.0000000000  3875.0000000000  3875.0000000000  0.0000000000  -1.#QNAN00000  
  9  3875.0000000000  3875.0000000000  3324.9997558594  0.0000000000  0.0000000000  3875.0000000000  3875.0000000000  3324.9997558594  0.0000000000  0.0000000000  
  10  3875.0000000000  3324.9997558594  2775.0000000000  -1.#QNAN00000  0.0000000000  3875.0000000000  3324.9997558594  2775.0000000000  -1.#QNAN00000  0.0000000000  
  11  3875.0000000000  2775.0000000000  2500.0000000000  0.0000000000  0.0000000000  3875.0000000000  2775.0000000000  2500.0000000000  0.0000000000  0.0000000000  
  12  3875.0000000000  2500.0000000000  2775.0000000000  0.0000000000  0.0000000000  3875.0000000000  2500.0000000000  2775.0000000000  0.0000000000  0.0000000000  
  13  3875.0000000000  2775.0000000000  3325.0000000000  0.0000000000  -1.#QNAN00000  3875.0000000000  2775.0000000000  3325.0000000000  0.0000000000  -1.#QNAN00000  
  14  3875.0000000000  3325.0000000000  3875.0000000000  0.0000000000  0.0000000000  3875.0000000000  3325.0000000000  3875.0000000000  0.0000000000  0.0000000000  
  15  3875.0000000000  3875.0000000000  3875.0000000000  -1.#QNAN00000  0.0000000000  3875.0000000000  3875.0000000000  3875.0000000000  -1.#QNAN00000  0.0000000000  
  16  3875.0000000000  3875.0000000000  3875.0000000000  0.0000000000  0.0000000000  3875.0000000000  3875.0000000000  3875.0000000000  0.0000000000  0.0000000000  
  17  3875.0000000000  3875.0000000000  3875.0000000000  0.0000000000  0.0000000000  3875.0000000000  3875.0000000000  3875.0000000000  0.0000000000  0.0000000000  
  18  3875.0000000000  3875.0000000000  3875.0000000000  0.0000000000  -1.#QNAN00000  3875.0000000000  3875.0000000000  3875.0000000000  0.0000000000  -1.#QNAN00000  
  19  3875.0000000000  3875.0000000000  3875.0000000000  0.0000000000  0.0000000000  3875.0000000000  3875.0000000000  3875.0000000000  0.0000000000  0.0000000000  
  20  3875.0000000000  3875.0000000000  3875.0000000000  -1.#QNAN00000  0.0000000000  3875.0000000000  3875.0000000000  3875.0000000000  -1.#QNAN00000  0.0000000000  
  21  3875.0000000000  3875.0000000000  3517.5000000000  0.0000000000  0.0000000000  3875.0000000000  3875.0000000000  3517.5000000000  0.0000000000  0.0000000000  
  22  3875.0000000000  3517.5000000000  3160.0000000000  0.0000000000  0.0000000000  3875.0000000000  3517.5000000000  3160.0000000000  0.0000000000  0.0000000000  
  23  3875.0000000000  3160.0000000000  2981.2500000000  0.0000000000  -1.#QNAN00000  3875.0000000000  3160.0000000000  2981.2500000000  0.0000000000  -1.#QNAN00000  
  5330.0000000000  5330.0000000000  5330.0000000000  5330.0000000000 =======================================
=======================================
 0.0000000000   1250.0000000000   0.0000000000   1750.0000000000  
 0.0000000000   1250.0000000000   0.0000000000   1750.0000000000  
 5000.0000000000   6000.0000000000   6000.0000000000  
   0   0   0   0   1   1
   0   0   0   0 2017   0
 0.0000000000 
=======================================
=======================================
 Materials 
 Concrete  -2.7000000477  35.0000000000  2.5000000000  0.0000100000  
 Steel  210000.0000000000  8.6350002289  
 Reinforcements  420.0000000000  
=======================================
=======================================
2017
3
 $LM1_LEFT$ 
 0.0000000000  400.0000000000  2  0 
 -1200.0000000000  -280000.0000000000  0.0000000000  
 0.0000000000  -280000.0000000000  0.0000000000  
 $LM3_LEFT$ 
 0.0000000000  400.0000000000  6  0 
 -30700.0000000000  -124500.0000000000  0.0000000000  
 -29200.0000000000  -124500.0000000000  0.0000000000  
 -27700.0000000000  -124500.0000000000  0.0000000000  
 -26200.0000000000  -124500.0000000000  0.0000000000  
 -1200.0000000000  -210000.0000000000  0.0000000000  
 0.0000000000  -210000.0000000000  0.0000000000  
 $LMF_LEFT$ 
 0.0000000000  400.0000000000  4  0 
 -8400.0000000000  -96000.0000000000  0.0000000000  
 -7200.0000000000  -96000.0000000000  0.0000000000  
 -1200.0000000000  -96000.0000000000  0.0000000000  
 0.0000000000  -96000.0000000000  0.0000000000  
2017
0
2018
0
=======================================
=======================================
 LC   0  
3  100.0000000000   0.0000000000   -3.0000000000   0.0000000000   0.0000000000   0.0000000000   
 70.0000000000  100.0000000000  6.0000000000  1.0000000000  b  1.0000000000  1.1000000238  1.5000000000  1.1499999762  0 1  0.0000000000   13000.0000000000   0.0000000000   0.0000000000   0.0000000000   0.0000000000   -23.0000000000   0.0000000000  0 
 1.0000000000 2  27000.0000000000   40000.0000000000   0.0000000000   0.0000000000   0.0000000000   0.0000000000   -23.0000000000   0.0000000000  0 
 3.0000000000 3  13000.0000000000   27000.0000000000   0.0000000000   0.0000000000   0.0000000000   0.0000000000   -23.0000000000   0.0000000000  0 
 4.0000000000 10
 6.0000000000  6.0000000000  6.0000000000  6.0000000000  6.0000000000  6.0000000000  6.0000000000  6.0000000000  6.0000000000 
 6.0000000000  6.0000000000  6.0000000000  6.0000000000  6.0000000000  6.0000000000  6.0000000000  6.0000000000  6.0000000000  6.0000000000 
 6.0000000000  6.0000000000  6.0000000000  6.0000000000 =======================================
=======================================
 Sections_5.0   2  
  1   $SECT_Support$   5   Characteristics 
 1000.0000000000  35.0000000000  25.0000000000  0.0000000000  
 220.0000000000  1.5000000000  0.6999999881  18.0000000000  
 400.0000000000  400.0000000000  0.0000000000  3875.0000000000  
 40.0000000000  180.0000000000  0.0000000000  0.0000000000  
 0.0000000000  0.0000000000  0.0000000000  0.0000000000  0.0000000000  0.0000000000  
 0.0000000000  0.0000000000  0.0000000000  0.0000000000  1.0000000000  
 Materials 
  2    2    2  
  0   0.0000000000  0.0000000000  0.0000000000  0.0000000000  0.0000000000  
 0.0000000000  5000.0000000000  0.0000000000  0.0000000000  0.0000000000  0.0000000000  0.0000000000  0.0000000000  0.0000000000  0.0000000000  0 0.0000000000  0.0000000000  0.0000000000  0.0000000000  0.0000000000  0.0000000000  0.0000000000  0.0000000000  0.0000000000  0.0000000000  0.0000000000  0.0000000000  0.0000000000  0.0000000000  0 0 0 0.0000000000  0.0000000000  0.0000000000  0.0000000000  0.0000000000  0.0000000000  0.0000000000  0.0000000000  0.0000000000  0.0000000000  0.0000000000  0.0000000000  0.0000000000  0 0.0000000000  0.0000000000  0.0000000000  0.0000000000  
 0.0000000000  5000.0000000000  0.0000000000  0.0000000000  0.0000000000  0.0000000000  0.0000000000  0.0000000000  0.0000000000  0.0000000000  0 0.0000000000  0.0000000000  0.0000000000  0.0000000000  0.0000000000  0 0.0000000000  0.0000000000  0.0000000000  0.0000000000  0.0000000000  0.0000000000  0.0000000000  0.0000000000  0.0000000000  0.0000000000  0.0000000000  0.0000000000  0.0000000000  0.0000000000  0.0000000000  0 0 0 0.0000000000  0.0000000000  0.0000000000  0.0000000000  0.0000000000  0.0000000000  0.0000000000  0.0000000000  0.0000000000  0.0000000000  0.0000000000  0.0000000000  0.0000000000  0 0.0000000000  0.0000000000  0.0000000000  0.0000000000  0.0000000000  0.0000000000  0.0000000000  0.0000000000  
  2   $SECT_opening$   5   Characteristics 
 1000.0000000000  80.0000000000  80.0000000000  0.0000000000  
 220.0000000000  1.0000000000  0.6999999881  20.0000000000  
 400.0000000000  400.0000000000  0.0000000000  3875.0000000000  
 40.0000000000  180.0000000000  0.0000000000  0.0000000000  
 0.0000000000  0.0000000000  0.0000000000  0.0000000000  0.0000000000  0.0000000000  
 0.0000000000  0.0000000000  0.0000000000  0.0000000000  1.0000000000  
 Materials 
  2    2    2  
  0   0.0000000000  0.0000000000  0.0000000000  0.0000000000  0.0000000000  
 0.0000000000  5000.0000000000  0.0000000000  0.0000000000  0.0000000000  0.0000000000  0.0000000000  0.0000000000  0.0000000000  0.0000000000  0 0.0000000000  0.0000000000  0.0000000000  0.0000000000  0.0000000000  0.0000000000  0.0000000000  0.0000000000  0.0000000000  0.0000000000  0.0000000000  0.0000000000  0.0000000000  0.0000000000  0 0 0 0.0000000000  0.0000000000  0.0000000000  0.0000000000  0.0000000000  0.0000000000  0.0000000000  0.0000000000  0.0000000000  0.0000000000  0.0000000000  0.0000000000  0.0000000000  0 0.0000000000  0.0000000000  0.0000000000  0.0000000000  
 0.0000000000  5000.0000000000  0.0000000000  0.0000000000  0.0000000000  0.0000000000  0.0000000000  0.0000000000  0.0000000000  0.0000000000  0 0.0000000000  0.0000000000  0.0000000000  0.0000000000  0.0000000000  0 0.0000000000  0.0000000000  0.0000000000  0.0000000000  0.0000000000  0.0000000000  0.0000000000  0.0000000000  0.0000000000  0.0000000000  0.0000000000  0.0000000000  0.0000000000  0.0000000000  0.0000000000  0 0 0 0.0000000000  0.0000000000  0.0000000000  0.0000000000  0.0000000000  0.0000000000  0.0000000000  0.0000000000  0.0000000000  0.0000000000  0.0000000000  0.0000000000  0.0000000000  0 0.0000000000  0.0000000000  0.0000000000  0.0000000000  0.0000000000  0.0000000000  0.0000000000  0.0000000000  
=======================================
=======================================
 TransversalElements_2.0   0  
=======================================
=======================================
 Verif_4.0 
  0  
 Panneau_Ver1 46    4   4
 LC 
  65  
  66  
  67  
  68  
  69  
  70  
  71  
  72  
  73  
  74  
  75  
  76  
  77  
  78  
  79  
  80  
  81  
  82  
  83  
  84  
  85  
  86  
  87  
  88  
  89  
  90  
  91  
  92  
  93  
  94  
  95  
  96  
  97  
  98  
  99  
  100  
  101  
  102  
  103  
  104  
  105  
  106  
  107  
  108  
  109  
  110  
 LC 
  1    9    12    3   70.0000000000  50.0000000000  0.0000000000  
 0.0000000000  0.0000000000  0.0000000000  0.0000000000  0.0000000000  
 0.0000000000  0.0000000000  0.0000000000  0.0000000000  0.0000000000  
  2    12    15    3   70.0000000000  50.0000000000  0.0000000000  
 0.0000000000  0.0000000000  0.0000000000  0.0000000000  0.0000000000  
 0.0000000000  0.0000000000  0.0000000000  0.0000000000  0.0000000000  
  3    15    18    3   70.0000000000  50.0000000000  0.0000000000  
 0.0000000000  0.0000000000  0.0000000000  0.0000000000  0.0000000000  
 0.0000000000  0.0000000000  0.0000000000  0.0000000000  0.0000000000  
  4    18    21    3   70.0000000000  50.0000000000  0.0000000000  
 0.0000000000  0.0000000000  0.0000000000  0.0000000000  0.0000000000  
 0.0000000000  0.0000000000  0.0000000000  0.0000000000  0.0000000000  
 Stiffeners 
  1  
 Detail 
 20.0000000000  200.0000000000  100.0000000000  20.0000000000   2   0.0000000000  
 Detail 
 20.0000000000  200.0000000000  100.0000000000  20.0000000000   2   0.0000000000  
 Detail 
 20.0000000000  200.0000000000  0.0000000000  0.0000000000   0   0.0000000000  
 Detail 
 20.0000000000  200.0000000000  0.0000000000  0.0000000000   0   0.0000000000  
  2  
 Detail 
 20.0000000000  200.0000000000  100.0000000000  20.0000000000   2   0.0000000000  
 Detail 
 20.0000000000  200.0000000000  100.0000000000  20.0000000000   2   0.0000000000  
 Detail 
 20.0000000000  200.0000000000  0.0000000000  0.0000000000   0   0.0000000000  
 Detail 
 20.0000000000  200.0000000000  0.0000000000  0.0000000000   0   0.0000000000  
  3  
 Detail 
 20.0000000000  200.0000000000  100.0000000000  20.0000000000   2   0.0000000000  
 Detail 
 20.0000000000  200.0000000000  100.0000000000  20.0000000000   2   0.0000000000  
 Detail 
 20.0000000000  200.0000000000  0.0000000000  0.0000000000   0   0.0000000000  
 Detail 
 20.0000000000  200.0000000000  0.0000000000  0.0000000000   0   0.0000000000  
  4  
 Detail 
 20.0000000000  200.0000000000  100.0000000000  20.0000000000   2   0.0000000000  
 Detail 
 20.0000000000  200.0000000000  100.0000000000  20.0000000000   2   0.0000000000  
 Detail 
 20.0000000000  200.0000000000  0.0000000000  0.0000000000   0   0.0000000000  
 Detail 
 20.0000000000  200.0000000000  0.0000000000  0.0000000000   0   0.0000000000  
 Welds(S.L.S.)   83    1  
  2  
  3  
  4  
  5  
  6  
  7  
  8  
  9  
  10  
  11  
  12  
  13  
  14  
  15  
  16  
  17  
  18  
  19  
  20  
  21  
  22  
  23  
  24  
  25  
  26  
  27  
  28  
  29  
  30  
  31  
  32  
  33  
  34  
  35  
  65  
  66  
  67  
  68  
  69  
  70  
  71  
  72  
  73  
  74  
  75  
  76  
  77  
  78  
  79  
  80  
  81  
  82  
  83  
  84  
  85  
  86  
  87  
  88  
  89  
  90  
  91  
  92  
  93  
  94  
  95  
  96  
  97  
  98  
  99  
  100  
  101  
  102  
  103  
  104  
  105  
  106  
  107  
  108  
  109  
  110  
  111  
  112  
 Connectors(S.L.S.)   46  
 LC 
  65    2  
  66    2  
  67    2  
  68    2  
  69    2  
  70    2  
  71    2  
  72    2  
  73    2  
  74    2  
  75    2  
  76    2  
  77    2  
  78    2  
  79    2  
  80    2  
  81    2  
  82    2  
  83    2  
  84    2  
  85    2  
  86    2  
  87    2  
  88    2  
  89    2  
  90    2  
  91    2  
  92    2  
  93    2  
  94    2  
  95    2  
  96    2  
  97    2  
  98    2  
  99    2  
  100    2  
  101    2  
  102    2  
  103    2  
  104    2  
  105    2  
  106    2  
  107    2  
  108    2  
  109    2  
  110    2  
 22.0000000000  500.0000000000  0.0000000000  
 0.0000000000  0.0000000000  100.0000000000  0.0000000000  0.0000000000     1  
 Fatigue_3.0  62 61 60 59 1.000000 1.150000 80 2
 2000000.000000 1.000000 1.000000 0 1.000000 1.000000 1.000000 0 1.000000 1.000000
 Lamda
 23
 1
 0.000000 0.000000 0.000000 0.000000 0.000000 0.000000 0.000000 0.000000 0.000000
 0.000000 0.000000 0.000000 0.000000
 0.000000 0.000000 0.000000 0.000000
 2
 0.000000 0.000000 0.000000 0.000000 0.000000 0.000000 0.000000 0.000000 0.000000
 0.000000 0.000000 0.000000 0.000000
 0.000000 0.000000 0.000000 0.000000
 3
 0.000000 0.000000 0.000000 0.000000 0.000000 0.000000 0.000000 0.000000 0.000000
 0.000000 0.000000 0.000000 0.000000
 0.000000 0.000000 0.000000 0.000000
 4
 0.000000 0.000000 0.000000 0.000000 0.000000 0.000000 0.000000 0.000000 0.000000
 0.000000 0.000000 0.000000 0.000000
 0.000000 0.000000 0.000000 0.000000
 5
 0.000000 0.000000 0.000000 0.000000 0.000000 0.000000 0.000000 0.000000 0.000000
 0.000000 0.000000 0.000000 0.000000
 0.000000 0.000000 0.000000 0.000000
 6
 0.000000 0.000000 0.000000 0.000000 0.000000 0.000000 0.000000 0.000000 0.000000
 0.000000 0.000000 0.000000 0.000000
 0.000000 0.000000 0.000000 0.000000
 7
 0.000000 0.000000 0.000000 0.000000 0.000000 0.000000 0.000000 0.000000 0.000000
 0.000000 0.000000 0.000000 0.000000
 0.000000 0.000000 0.000000 0.000000
 8
 0.000000 0.000000 0.000000 0.000000 0.000000 0.000000 0.000000 0.000000 0.000000
 0.000000 0.000000 0.000000 0.000000
 0.000000 0.000000 0.000000 0.000000
 9
 0.000000 0.000000 0.000000 0.000000 0.000000 0.000000 0.000000 0.000000 0.000000
 0.000000 0.000000 0.000000 0.000000
 0.000000 0.000000 0.000000 0.000000
 10
 0.000000 0.000000 0.000000 0.000000 0.000000 0.000000 0.000000 0.000000 0.000000
 0.000000 0.000000 0.000000 0.000000
 0.000000 0.000000 0.000000 0.000000
 11
 0.000000 0.000000 0.000000 0.000000 0.000000 0.000000 0.000000 0.000000 0.000000
 0.000000 0.000000 0.000000 0.000000
 0.000000 0.000000 0.000000 0.000000
 12
 0.000000 0.000000 0.000000 0.000000 0.000000 0.000000 0.000000 0.000000 0.000000
 0.000000 0.000000 0.000000 0.000000
 0.000000 0.000000 0.000000 0.000000
 13
 0.000000 0.000000 0.000000 0.000000 0.000000 0.000000 0.000000 0.000000 0.000000
 0.000000 0.000000 0.000000 0.000000
 0.000000 0.000000 0.000000 0.000000
 14
 0.000000 0.000000 0.000000 0.000000 0.000000 0.000000 0.000000 0.000000 0.000000
 0.000000 0.000000 0.000000 0.000000
 0.000000 0.000000 0.000000 0.000000
 15
 0.000000 0.000000 0.000000 0.000000 0.000000 0.000000 0.000000 0.000000 0.000000
 0.000000 0.000000 0.000000 0.000000
 0.000000 0.000000 0.000000 0.000000
 16
 0.000000 0.000000 0.000000 0.000000 0.000000 0.000000 0.000000 0.000000 0.000000
 0.000000 0.000000 0.000000 0.000000
 0.000000 0.000000 0.000000 0.000000
 17
 0.000000 0.000000 0.000000 0.000000 0.000000 0.000000 0.000000 0.000000 0.000000
 0.000000 0.000000 0.000000 0.000000
 0.000000 0.000000 0.000000 0.000000
 18
 0.000000 0.000000 0.000000 0.000000 0.000000 0.000000 0.000000 0.000000 0.000000
 0.000000 0.000000 0.000000 0.000000
 0.000000 0.000000 0.000000 0.000000
 19
 0.000000 0.000000 0.000000 0.000000 0.000000 0.000000 0.000000 0.000000 0.000000
 0.000000 0.000000 0.000000 0.000000
 0.000000 0.000000 0.000000 0.000000
 20
 0.000000 0.000000 0.000000 0.000000 0.000000 0.000000 0.000000 0.000000 0.000000
 0.000000 0.000000 0.000000 0.000000
 0.000000 0.000000 0.000000 0.000000
 21
 0.000000 0.000000 0.000000 0.000000 0.000000 0.000000 0.000000 0.000000 0.000000
 0.000000 0.000000 0.000000 0.000000
 0.000000 0.000000 0.000000 0.000000
 22
 0.000000 0.000000 0.000000 0.000000 0.000000 0.000000 0.000000 0.000000 0.000000
 0.000000 0.000000 0.000000 0.000000
 0.000000 0.000000 0.000000 0.000000
 23
 0.000000 0.000000 0.000000 0.000000 0.000000 0.000000 0.000000 0.000000 0.000000
 0.000000 0.000000 0.000000 0.000000
 0.000000 0.000000 0.000000 0.000000
 0.000000 3000.000000
 3000.000000 6000.000000
 0 0 0 0 0.000000 0
 1.150000 Connectors(S.L.S.)   27  
 LC 
  36    2  
  37    2  
  38    2  
  39    2  
  40    2  
  41    2  
  42    2  
  43    2  
  44    2  
  45    2  
  46    2  
  47    2  
  48    2  
  49    2  
  50    2  
  51    2  
  52    2  
  53    2  
  54    2  
  55    2  
  56    2  
  57    2  
  58    2  
  59    2  
  60    2  
  61    2  
  62    2  
 Deversement_1.0 
 LowerFlange 
0 0
0 
 Spans 
 Combinations 
 UpperFlange 
0 0
0 
 Spans 
 Combinations 
 EntretoisesVerif_2.0 
 Data 
0 
0 
0 
0 
0 
0.000000 
 Comb_Sem_Inf 
 Comb_Sem_Sup 
 Elem 
 PDPVerif_1.0 
 Data 
0 
 Elem 
0 
=======================================
=======================================
 SLS   27  
  1   $SLS_C1$   35   -2.7000000477 
  1   1.0000000000 
  2   0.0000000000 
  3   0.0000000000 
  4   0.0000000000 
  5   0.0000000000 
  6   0.0000000000 
  7   0.0000000000 
  8   0.0000000000 
  9   0.0000000000 
  10   0.0000000000 
  11   0.0000000000 
  12   0.0000000000 
  13   0.0000000000 
  14   0.0000000000 
  15   0.0000000000 
  16   0.0000000000 
  17   0.0000000000 
  18   0.0000000000 
  19   0.0000000000 
  20   0.0000000000 
  21   0.0000000000 
  22   0.0000000000 
  23   0.0000000000 
  24   0.0000000000 
  25   0.0000000000 
  26   0.0000000000 
  27   0.0000000000 
  28   0.0000000000 
  29   0.0000000000 
  30   0.0000000000 
  31   0.0000000000 
  32   0.0000000000 
  33   0.0000000000 
  34   0.0000000000 
  35   0.0000000000 
  2   $SLS_C2$   35   -2.7000000477 
  1   1.0000000000 
  2   1.0000000000 
  3   0.0000000000 
  4   0.0000000000 
  5   0.0000000000 
  6   0.0000000000 
  7   0.0000000000 
  8   0.0000000000 
  9   0.0000000000 
  10   0.0000000000 
  11   0.0000000000 
  12   0.0000000000 
  13   0.0000000000 
  14   0.0000000000 
  15   0.0000000000 
  16   0.0000000000 
  17   0.0000000000 
  18   0.0000000000 
  19   0.0000000000 
  20   0.0000000000 
  21   0.0000000000 
  22   0.0000000000 
  23   0.0000000000 
  24   0.0000000000 
  25   0.0000000000 
  26   0.0000000000 
  27   0.0000000000 
  28   0.0000000000 
  29   0.0000000000 
  30   0.0000000000 
  31   0.0000000000 
  32   0.0000000000 
  33   0.0000000000 
  34   0.0000000000 
  35   0.0000000000 
  3   $SLS_C3$   35   -2.7000000477 
  1   1.0000000000 
  2   1.0000000000 
  3   1.0000000000 
  4   0.0000000000 
  5   0.0000000000 
  6   0.0000000000 
  7   0.0000000000 
  8   0.0000000000 
  9   0.0000000000 
  10   0.0000000000 
  11   0.0000000000 
  12   0.0000000000 
  13   0.0000000000 
  14   0.0000000000 
  15   0.0000000000 
  16   0.0000000000 
  17   0.0000000000 
  18   0.0000000000 
  19   0.0000000000 
  20   0.0000000000 
  21   0.0000000000 
  22   0.0000000000 
  23   0.0000000000 
  24   0.0000000000 
  25   0.0000000000 
  26   0.0000000000 
  27   0.0000000000 
  28   0.0000000000 
  29   0.0000000000 
  30   0.0000000000 
  31   0.0000000000 
  32   0.0000000000 
  33   0.0000000000 
  34   0.0000000000 
  35   0.0000000000 
  4   $SLS_C4$   35   -2.7000000477 
  1   1.0000000000 
  2   1.0000000000 
  3   1.0000000000 
  4   1.0000000000 
  5   0.0000000000 
  6   0.0000000000 
  7   0.0000000000 
  8   0.0000000000 
  9   0.0000000000 
  10   0.0000000000 
  11   0.0000000000 
  12   0.0000000000 
  13   0.0000000000 
  14   0.0000000000 
  15   0.0000000000 
  16   0.0000000000 
  17   0.0000000000 
  18   0.0000000000 
  19   0.0000000000 
  20   0.0000000000 
  21   0.0000000000 
  22   0.0000000000 
  23   0.0000000000 
  24   0.0000000000 
  25   0.0000000000 
  26   0.0000000000 
  27   0.0000000000 
  28   0.0000000000 
  29   0.0000000000 
  30   0.0000000000 
  31   0.0000000000 
  32   0.0000000000 
  33   0.0000000000 
  34   0.0000000000 
  35   0.0000000000 
  5   $SLS_C5$   35   -2.7000000477 
  1   1.0000000000 
  2   1.0000000000 
  3   1.0000000000 
  4   1.0000000000 
  5   1.0000000000 
  6   0.0000000000 
  7   0.0000000000 
  8   0.0000000000 
  9   0.0000000000 
  10   0.0000000000 
  11   0.0000000000 
  12   0.0000000000 
  13   0.0000000000 
  14   0.0000000000 
  15   0.0000000000 
  16   0.0000000000 
  17   0.0000000000 
  18   0.0000000000 
  19   0.0000000000 
  20   0.0000000000 
  21   0.0000000000 
  22   0.0000000000 
  23   0.0000000000 
  24   0.0000000000 
  25   0.0000000000 
  26   0.0000000000 
  27   0.0000000000 
  28   0.0000000000 
  29   0.0000000000 
  30   0.0000000000 
  31   0.0000000000 
  32   0.0000000000 
  33   0.0000000000 
  34   0.0000000000 
  35   0.0000000000 
  6   $SLS_C6$   35   -2.7000000477 
  1   1.0000000000 
  2   1.0000000000 
  3   1.0000000000 
  4   1.0000000000 
  5   1.0000000000 
  6   1.0000000000 
  7   0.0000000000 
  8   0.0000000000 
  9   0.0000000000 
  10   0.0000000000 
  11   0.0000000000 
  12   0.0000000000 
  13   0.0000000000 
  14   0.0000000000 
  15   0.0000000000 
  16   0.0000000000 
  17   0.0000000000 
  18   0.0000000000 
  19   0.0000000000 
  20   0.0000000000 
  21   0.0000000000 
  22   0.0000000000 
  23   0.0000000000 
  24   0.0000000000 
  25   0.0000000000 
  26   0.0000000000 
  27   0.0000000000 
  28   0.0000000000 
  29   0.0000000000 
  30   0.0000000000 
  31   0.0000000000 
  32   0.0000000000 
  33   0.0000000000 
  34   0.0000000000 
  35   0.0000000000 
  7   $SLS_C7$   35   -2.7000000477 
  1   1.0000000000 
  2   1.0000000000 
  3   1.0000000000 
  4   1.0000000000 
  5   1.0000000000 
  6   1.0000000000 
  7   1.0000000000 
  8   0.0000000000 
  9   0.0000000000 
  10   0.0000000000 
  11   0.0000000000 
  12   0.0000000000 
  13   0.0000000000 
  14   0.0000000000 
  15   0.0000000000 
  16   0.0000000000 
  17   0.0000000000 
  18   0.0000000000 
  19   0.0000000000 
  20   0.0000000000 
  21   0.0000000000 
  22   0.0000000000 
  23   0.0000000000 
  24   0.0000000000 
  25   0.0000000000 
  26   0.0000000000 
  27   0.0000000000 
  28   0.0000000000 
  29   0.0000000000 
  30   0.0000000000 
  31   0.0000000000 
  32   0.0000000000 
  33   0.0000000000 
  34   0.0000000000 
  35   0.0000000000 
  8   $SLS_C8$   35   -2.7000000477 
  1   1.0000000000 
  2   1.0000000000 
  3   1.0000000000 
  4   1.0000000000 
  5   1.0000000000 
  6   1.0000000000 
  7   1.0000000000 
  8   0.0000000000 
  9   0.0000000000 
  10   0.0000000000 
  11   0.7500000000 
  12   0.0000000000 
  13   0.0000000000 
  14   0.0000000000 
  15   0.0000000000 
  16   0.0000000000 
  17   0.0000000000 
  18   0.0000000000 
  19   0.0000000000 
  20   0.0000000000 
  21   0.0000000000 
  22   0.0000000000 
  23   0.2000000030 
  24   0.0000000000 
  25   0.0000000000 
  26   0.0000000000 
  27   0.4000000060 
  28   0.0000000000 
  29   0.0000000000 
  30   0.0000000000 
  31   0.0000000000 
  32   0.0000000000 
  33   0.0000000000 
  34   0.0000000000 
  35   0.0000000000 
  9   $SLS_C9$   35   -2.7000000477 
  1   1.0000000000 
  2   1.0000000000 
  3   1.0000000000 
  4   1.0000000000 
  5   1.0000000000 
  6   1.0000000000 
  7   1.0000000000 
  8   0.0000000000 
  9   0.0000000000 
  10   0.0000000000 
  11   1.0000000000 
  12   0.0000000000 
  13   0.0000000000 
  14   0.0000000000 
  15   0.0000000000 
  16   0.0000000000 
  17   0.0000000000 
  18   0.0000000000 
  19   0.0000000000 
  20   0.0000000000 
  21   0.0000000000 
  22   0.0000000000 
  23   0.5000000000 
  24   0.0000000000 
  25   0.0000000000 
  26   0.0000000000 
  27   1.0000000000 
  28   0.0000000000 
  29   0.0000000000 
  30   0.0000000000 
  31   0.0000000000 
  32   0.0000000000 
  33   0.0000000000 
  34   0.0000000000 
  35   0.0000000000 
  10   $SLS_C10$   35   -2.7000000477 
  1   1.0000000000 
  2   1.0000000000 
  3   1.0000000000 
  4   1.0000000000 
  5   1.0000000000 
  6   1.0000000000 
  7   1.0000000000 
  8   0.0000000000 
  9   0.0000000000 
  10   0.7500000000 
  11   0.0000000000 
  12   0.0000000000 
  13   0.0000000000 
  14   0.0000000000 
  15   0.0000000000 
  16   0.0000000000 
  17   0.0000000000 
  18   0.0000000000 
  19   0.0000000000 
  20   0.0000000000 
  21   0.0000000000 
  22   0.2000000030 
  23   0.0000000000 
  24   0.0000000000 
  25   0.0000000000 
  26   0.4000000060 
  27   0.0000000000 
  28   0.0000000000 
  29   0.0000000000 
  30   0.0000000000 
  31   0.0000000000 
  32   0.0000000000 
  33   0.0000000000 
  34   0.0000000000 
  35   0.0000000000 
  11   $SLS_C11$   35   -2.7000000477 
  1   1.0000000000 
  2   1.0000000000 
  3   1.0000000000 
  4   1.0000000000 
  5   1.0000000000 
  6   1.0000000000 
  7   1.0000000000 
  8   0.0000000000 
  9   0.0000000000 
  10   1.0000000000 
  11   0.0000000000 
  12   0.0000000000 
  13   0.0000000000 
  14   0.0000000000 
  15   0.0000000000 
  16   0.0000000000 
  17   0.0000000000 
  18   0.0000000000 
  19   0.0000000000 
  20   0.0000000000 
  21   0.0000000000 
  22   0.5000000000 
  23   0.0000000000 
  24   0.0000000000 
  25   0.0000000000 
  26   1.0000000000 
  27   0.0000000000 
  28   0.0000000000 
  29   0.0000000000 
  30   0.0000000000 
  31   0.0000000000 
  32   0.0000000000 
  33   0.0000000000 
  34   0.0000000000 
  35   0.0000000000 
  12   $SLS_C12$   35   -2.7000000477 
  1   1.0000000000 
  2   1.0000000000 
  3   1.0000000000 
  4   1.0000000000 
  5   1.0000000000 
  6   1.0000000000 
  7   1.0000000000 
  8   0.0000000000 
  9   0.7500000000 
  10   0.0000000000 
  11   0.0000000000 
  12   0.0000000000 
  13   0.0000000000 
  14   0.0000000000 
  15   0.0000000000 
  16   0.0000000000 
  17   0.0000000000 
  18   0.0000000000 
  19   0.0000000000 
  20   0.0000000000 
  21   0.2000000030 
  22   0.0000000000 
  23   0.0000000000 
  24   0.0000000000 
  25   0.4000000060 
  26   0.0000000000 
  27   0.0000000000 
  28   0.0000000000 
  29   0.0000000000 
  30   0.0000000000 
  31   0.0000000000 
  32   0.0000000000 
  33   0.0000000000 
  34   0.0000000000 
  35   0.0000000000 
  13   $SLS_C13$   35   -2.7000000477 
  1   1.0000000000 
  2   1.0000000000 
  3   1.0000000000 
  4   1.0000000000 
  5   1.0000000000 
  6   1.0000000000 
  7   1.0000000000 
  8   0.0000000000 
  9   1.0000000000 
  10   0.0000000000 
  11   0.0000000000 
  12   0.0000000000 
  13   0.0000000000 
  14   0.0000000000 
  15   0.0000000000 
  16   0.0000000000 
  17   0.0000000000 
  18   0.0000000000 
  19   0.0000000000 
  20   0.0000000000 
  21   0.5000000000 
  22   0.0000000000 
  23   0.0000000000 
  24   0.0000000000 
  25   1.0000000000 
  26   0.0000000000 
  27   0.0000000000 
  28   0.0000000000 
  29   0.0000000000 
  30   0.0000000000 
  31   0.0000000000 
  32   0.0000000000 
  33   0.0000000000 
  34   0.0000000000 
  35   0.0000000000 
  14   $SLS_C14$   35   -2.7000000477 
  1   1.0000000000 
  2   1.0000000000 
  3   1.0000000000 
  4   1.0000000000 
  5   1.0000000000 
  6   1.0000000000 
  7   1.0000000000 
  8   1.0000000000 
  9   0.0000000000 
  10   0.0000000000 
  11   0.0000000000 
  12   0.0000000000 
  13   0.0000000000 
  14   0.0000000000 
  15   0.0000000000 
  16   0.0000000000 
  17   0.0000000000 
  18   0.0000000000 
  19   0.0000000000 
  20   0.5000000000 
  21   0.0000000000 
  22   0.0000000000 
  23   0.0000000000 
  24   1.0000000000 
  25   0.0000000000 
  26   0.0000000000 
  27   0.0000000000 
  28   0.0000000000 
  29   0.0000000000 
  30   0.0000000000 
  31   0.0000000000 
  32   0.0000000000 
  33   0.0000000000 
  34   0.0000000000 
  35   0.0000000000 
  15   $SLS_C15$   35   -2.7000000477 
  1   1.0000000000 
  2   1.0000000000 
  3   1.0000000000 
  4   1.0000000000 
  5   1.0000000000 
  6   1.0000000000 
  7   1.0000000000 
  8   0.7500000000 
  9   0.0000000000 
  10   0.0000000000 
  11   0.0000000000 
  12   0.0000000000 
  13   0.0000000000 
  14   0.0000000000 
  15   0.0000000000 
  16   0.0000000000 
  17   0.0000000000 
  18   0.0000000000 
  19   0.0000000000 
  20   0.2000000030 
  21   0.0000000000 
  22   0.0000000000 
  23   0.0000000000 
  24   0.4000000060 
  25   0.0000000000 
  26   0.0000000000 
  27   0.0000000000 
  28   0.0000000000 
  29   0.0000000000 
  30   0.0000000000 
  31   0.0000000000 
  32   0.0000000000 
  33   0.0000000000 
  34   0.0000000000 
  35   0.0000000000 
  16   $SLS_C16$   35   -2.7000000477 
  1   1.0000000000 
  2   1.0000000000 
  3   1.0000000000 
  4   1.0000000000 
  5   1.0000000000 
  6   1.0000000000 
  7   1.0000000000 
  8   0.0000000000 
  9   0.0000000000 
  10   0.0000000000 
  11   0.0000000000 
  12   0.0000000000 
  13   0.0000000000 
  14   0.0000000000 
  15   1.0000000000 
  16   0.0000000000 
  17   0.0000000000 
  18   0.0000000000 
  19   0.0000000000 
  20   0.0000000000 
  21   0.0000000000 
  22   0.0000000000 
  23   0.0000000000 
  24   0.0000000000 
  25   0.0000000000 
  26   0.0000000000 
  27   0.0000000000 
  28   0.0000000000 
  29   0.0000000000 
  30   0.0000000000 
  31   1.0000000000 
  32   0.0000000000 
  33   0.0000000000 
  34   0.0000000000 
  35   0.0000000000 
  17   $SLS_C17$   35   -2.7000000477 
  1   1.0000000000 
  2   1.0000000000 
  3   1.0000000000 
  4   1.0000000000 
  5   1.0000000000 
  6   1.0000000000 
  7   1.0000000000 
  8   0.0000000000 
  9   0.0000000000 
  10   0.0000000000 
  11   0.0000000000 
  12   0.0000000000 
  13   0.0000000000 
  14   1.0000000000 
  15   0.0000000000 
  16   0.0000000000 
  17   0.0000000000 
  18   0.0000000000 
  19   0.0000000000 
  20   0.0000000000 
  21   0.0000000000 
  22   0.0000000000 
  23   0.0000000000 
  24   0.0000000000 
  25   0.0000000000 
  26   0.0000000000 
  27   0.0000000000 
  28   0.0000000000 
  29   0.0000000000 
  30   1.0000000000 
  31   0.0000000000 
  32   0.0000000000 
  33   0.0000000000 
  34   0.0000000000 
  35   0.0000000000 
  18   $SLS_C18$   35   -2.7000000477 
  1   1.0000000000 
  2   1.0000000000 
  3   1.0000000000 
  4   1.0000000000 
  5   1.0000000000 
  6   1.0000000000 
  7   1.0000000000 
  8   0.0000000000 
  9   0.0000000000 
  10   0.0000000000 
  11   0.0000000000 
  12   0.0000000000 
  13   1.0000000000 
  14   0.0000000000 
  15   0.0000000000 
  16   0.0000000000 
  17   0.0000000000 
  18   0.0000000000 
  19   0.0000000000 
  20   0.0000000000 
  21   0.0000000000 
  22   0.0000000000 
  23   0.0000000000 
  24   0.0000000000 
  25   0.0000000000 
  26   0.0000000000 
  27   0.0000000000 
  28   0.0000000000 
  29   1.0000000000 
  30   0.0000000000 
  31   0.0000000000 
  32   0.0000000000 
  33   0.0000000000 
  34   0.0000000000 
  35   0.0000000000 
  19   $SLS_C19$   35   -2.7000000477 
  1   1.0000000000 
  2   1.0000000000 
  3   1.0000000000 
  4   1.0000000000 
  5   1.0000000000 
  6   1.0000000000 
  7   1.0000000000 
  8   0.0000000000 
  9   0.0000000000 
  10   0.0000000000 
  11   0.0000000000 
  12   1.0000000000 
  13   0.0000000000 
  14   0.0000000000 
  15   0.0000000000 
  16   0.0000000000 
  17   0.0000000000 
  18   0.0000000000 
  19   0.0000000000 
  20   0.0000000000 
  21   0.0000000000 
  22   0.0000000000 
  23   0.0000000000 
  24   0.0000000000 
  25   0.0000000000 
  26   0.0000000000 
  27   0.0000000000 
  28   1.0000000000 
  29   0.0000000000 
  30   0.0000000000 
  31   0.0000000000 
  32   0.0000000000 
  33   0.0000000000 
  34   0.0000000000 
  35   0.0000000000 
  20   $SLS_C20$   35   -2.7000000477 
  1   1.0000000000 
  2   1.0000000000 
  3   1.0000000000 
  4   1.0000000000 
  5   1.0000000000 
  6   1.0000000000 
  7   1.0000000000 
  8   0.0000000000 
  9   0.0000000000 
  10   0.0000000000 
  11   0.0000000000 
  12   0.0000000000 
  13   0.0000000000 
  14   0.0000000000 
  15   0.0000000000 
  16   0.0000000000 
  17   0.0000000000 
  18   0.0000000000 
  19   0.0000000000 
  20   0.0000000000 
  21   0.0000000000 
  22   0.0000000000 
  23   0.0000000000 
  24   0.0000000000 
  25   0.0000000000 
  26   0.0000000000 
  27   0.0000000000 
  28   0.0000000000 
  29   0.0000000000 
  30   0.0000000000 
  31   0.0000000000 
  32   0.0000000000 
  33   0.0000000000 
  34   0.0000000000 
  35   1.0000000000 
  21   $SLS_C21$   35   -2.7000000477 
  1   1.0000000000 
  2   1.0000000000 
  3   1.0000000000 
  4   1.0000000000 
  5   1.0000000000 
  6   1.0000000000 
  7   1.0000000000 
  8   0.0000000000 
  9   0.0000000000 
  10   0.0000000000 
  11   0.0000000000 
  12   0.0000000000 
  13   0.0000000000 
  14   0.0000000000 
  15   0.0000000000 
  16   0.0000000000 
  17   0.0000000000 
  18   0.0000000000 
  19   0.0000000000 
  20   0.0000000000 
  21   0.0000000000 
  22   0.0000000000 
  23   0.0000000000 
  24   0.0000000000 
  25   0.0000000000 
  26   0.0000000000 
  27   0.0000000000 
  28   0.0000000000 
  29   0.0000000000 
  30   0.0000000000 
  31   0.0000000000 
  32   0.0000000000 
  33   0.0000000000 
  34   1.0000000000 
  35   0.0000000000 
  22   $SLS_C22$   35   -2.7000000477 
  1   1.0000000000 
  2   1.0000000000 
  3   1.0000000000 
  4   1.0000000000 
  5   1.0000000000 
  6   1.0000000000 
  7   1.0000000000 
  8   0.0000000000 
  9   0.0000000000 
  10   0.0000000000 
  11   0.0000000000 
  12   0.0000000000 
  13   0.0000000000 
  14   0.0000000000 
  15   0.0000000000 
  16   0.0000000000 
  17   0.0000000000 
  18   0.0000000000 
  19   0.0000000000 
  20   0.0000000000 
  21   0.0000000000 
  22   0.0000000000 
  23   0.0000000000 
  24   0.0000000000 
  25   0.0000000000 
  26   0.0000000000 
  27   0.0000000000 
  28   0.0000000000 
  29   0.0000000000 
  30   0.0000000000 
  31   0.0000000000 
  32   0.0000000000 
  33   1.0000000000 
  34   0.0000000000 
  35   0.0000000000 
  23   $SLS_C23$   35   -2.7000000477 
  1   1.0000000000 
  2   1.0000000000 
  3   1.0000000000 
  4   1.0000000000 
  5   1.0000000000 
  6   1.0000000000 
  7   1.0000000000 
  8   0.0000000000 
  9   0.0000000000 
  10   0.0000000000 
  11   0.0000000000 
  12   0.0000000000 
  13   0.0000000000 
  14   0.0000000000 
  15   0.0000000000 
  16   0.0000000000 
  17   0.0000000000 
  18   0.0000000000 
  19   0.0000000000 
  20   0.0000000000 
  21   0.0000000000 
  22   0.0000000000 
  23   0.0000000000 
  24   0.0000000000 
  25   0.0000000000 
  26   0.0000000000 
  27   0.0000000000 
  28   0.0000000000 
  29   0.0000000000 
  30   0.0000000000 
  31   0.0000000000 
  32   1.0000000000 
  33   0.0000000000 
  34   0.0000000000 
  35   0.0000000000 
  24   $LMF_C24$   35   -2.7000000477 
  1   1.0000000000 
  2   1.0000000000 
  3   1.0000000000 
  4   1.0000000000 
  5   1.0000000000 
  6   1.0000000000 
  7   1.0000000000 
  8   0.0000000000 
  9   0.0000000000 
  10   0.0000000000 
  11   0.0000000000 
  12   0.0000000000 
  13   0.0000000000 
  14   0.0000000000 
  15   0.0000000000 
  16   0.0000000000 
  17   0.0000000000 
  18   0.0000000000 
  19   1.0000000000 
  20   0.0000000000 
  21   0.0000000000 
  22   0.0000000000 
  23   0.0000000000 
  24   0.0000000000 
  25   0.0000000000 
  26   0.0000000000 
  27   0.0000000000 
  28   0.0000000000 
  29   0.0000000000 
  30   0.0000000000 
  31   0.0000000000 
  32   0.0000000000 
  33   0.0000000000 
  34   0.0000000000 
  35   0.0000000000 
  25   $LMF_C25$   35   -2.7000000477 
  1   1.0000000000 
  2   1.0000000000 
  3   1.0000000000 
  4   1.0000000000 
  5   1.0000000000 
  6   1.0000000000 
  7   1.0000000000 
  8   0.0000000000 
  9   0.0000000000 
  10   0.0000000000 
  11   0.0000000000 
  12   0.0000000000 
  13   0.0000000000 
  14   0.0000000000 
  15   0.0000000000 
  16   0.0000000000 
  17   0.0000000000 
  18   1.0000000000 
  19   0.0000000000 
  20   0.0000000000 
  21   0.0000000000 
  22   0.0000000000 
  23   0.0000000000 
  24   0.0000000000 
  25   0.0000000000 
  26   0.0000000000 
  27   0.0000000000 
  28   0.0000000000 
  29   0.0000000000 
  30   0.0000000000 
  31   0.0000000000 
  32   0.0000000000 
  33   0.0000000000 
  34   0.0000000000 
  35   0.0000000000 
  26   $LMF_C26$   35   -2.7000000477 
  1   1.0000000000 
  2   1.0000000000 
  3   1.0000000000 
  4   1.0000000000 
  5   1.0000000000 
  6   1.0000000000 
  7   1.0000000000 
  8   0.0000000000 
  9   0.0000000000 
  10   0.0000000000 
  11   0.0000000000 
  12   0.0000000000 
  13   0.0000000000 
  14   0.0000000000 
  15   0.0000000000 
  16   0.0000000000 
  17   1.0000000000 
  18   0.0000000000 
  19   0.0000000000 
  20   0.0000000000 
  21   0.0000000000 
  22   0.0000000000 
  23   0.0000000000 
  24   0.0000000000 
  25   0.0000000000 
  26   0.0000000000 
  27   0.0000000000 
  28   0.0000000000 
  29   0.0000000000 
  30   0.0000000000 
  31   0.0000000000 
  32   0.0000000000 
  33   0.0000000000 
  34   0.0000000000 
  35   0.0000000000 
  27   $LMF_C27$   35   -2.7000000477 
  1   1.0000000000 
  2   1.0000000000 
  3   1.0000000000 
  4   1.0000000000 
  5   1.0000000000 
  6   1.0000000000 
  7   1.0000000000 
  8   0.0000000000 
  9   0.0000000000 
  10   0.0000000000 
  11   0.0000000000 
  12   0.0000000000 
  13   0.0000000000 
  14   0.0000000000 
  15   0.0000000000 
  16   1.0000000000 
  17   0.0000000000 
  18   0.0000000000 
  19   0.0000000000 
  20   0.0000000000 
  21   0.0000000000 
  22   0.0000000000 
  23   0.0000000000 
  24   0.0000000000 
  25   0.0000000000 
  26   0.0000000000 
  27   0.0000000000 
  28   0.0000000000 
  29   0.0000000000 
  30   0.0000000000 
  31   0.0000000000 
  32   0.0000000000 
  33   0.0000000000 
  34   0.0000000000 
  35   0.0000000000 
=======================================
=======================================
 ULS   46  
  1   $ULS_C1$   35   -2.7000000477 
  1   1.3500000238 
  2   0.0000000000 
  3   0.0000000000 
  4   0.0000000000 
  5   0.0000000000 
  6   0.0000000000 
  7   0.0000000000 
  8   0.0000000000 
  9   0.0000000000 
  10   0.0000000000 
  11   0.0000000000 
  12   0.0000000000 
  13   0.0000000000 
  14   0.0000000000 
  15   0.0000000000 
  16   0.0000000000 
  17   0.0000000000 
  18   0.0000000000 
  19   0.0000000000 
  20   0.0000000000 
  21   0.0000000000 
  22   0.0000000000 
  23   0.0000000000 
  24   0.0000000000 
  25   0.0000000000 
  26   0.0000000000 
  27   0.0000000000 
  28   0.0000000000 
  29   0.0000000000 
  30   0.0000000000 
  31   0.0000000000 
  32   0.0000000000 
  33   0.0000000000 
  34   0.0000000000 
  35   0.0000000000 
  2   $ULS_C2$   35   -2.7000000477 
  1   1.0000000000 
  2   0.0000000000 
  3   0.0000000000 
  4   0.0000000000 
  5   0.0000000000 
  6   0.0000000000 
  7   0.0000000000 
  8   0.0000000000 
  9   0.0000000000 
  10   0.0000000000 
  11   0.0000000000 
  12   0.0000000000 
  13   0.0000000000 
  14   0.0000000000 
  15   0.0000000000 
  16   0.0000000000 
  17   0.0000000000 
  18   0.0000000000 
  19   0.0000000000 
  20   0.0000000000 
  21   0.0000000000 
  22   0.0000000000 
  23   0.0000000000 
  24   0.0000000000 
  25   0.0000000000 
  26   0.0000000000 
  27   0.0000000000 
  28   0.0000000000 
  29   0.0000000000 
  30   0.0000000000 
  31   0.0000000000 
  32   0.0000000000 
  33   0.0000000000 
  34   0.0000000000 
  35   0.0000000000 
  3   $ULS_C3$   35   -2.7000000477 
  1   1.3500000238 
  2   1.3500000238 
  3   0.0000000000 
  4   0.0000000000 
  5   0.0000000000 
  6   0.0000000000 
  7   0.0000000000 
  8   0.0000000000 
  9   0.0000000000 
  10   0.0000000000 
  11   0.0000000000 
  12   0.0000000000 
  13   0.0000000000 
  14   0.0000000000 
  15   0.0000000000 
  16   0.0000000000 
  17   0.0000000000 
  18   0.0000000000 
  19   0.0000000000 
  20   0.0000000000 
  21   0.0000000000 
  22   0.0000000000 
  23   0.0000000000 
  24   0.0000000000 
  25   0.0000000000 
  26   0.0000000000 
  27   0.0000000000 
  28   0.0000000000 
  29   0.0000000000 
  30   0.0000000000 
  31   0.0000000000 
  32   0.0000000000 
  33   0.0000000000 
  34   0.0000000000 
  35   0.0000000000 
  4   $ULS_C4$   35   -2.7000000477 
  1   1.0000000000 
  2   1.0000000000 
  3   0.0000000000 
  4   0.0000000000 
  5   0.0000000000 
  6   0.0000000000 
  7   0.0000000000 
  8   0.0000000000 
  9   0.0000000000 
  10   0.0000000000 
  11   0.0000000000 
  12   0.0000000000 
  13   0.0000000000 
  14   0.0000000000 
  15   0.0000000000 
  16   0.0000000000 
  17   0.0000000000 
  18   0.0000000000 
  19   0.0000000000 
  20   0.0000000000 
  21   0.0000000000 
  22   0.0000000000 
  23   0.0000000000 
  24   0.0000000000 
  25   0.0000000000 
  26   0.0000000000 
  27   0.0000000000 
  28   0.0000000000 
  29   0.0000000000 
  30   0.0000000000 
  31   0.0000000000 
  32   0.0000000000 
  33   0.0000000000 
  34   0.0000000000 
  35   0.0000000000 
  5   $ULS_C5$   35   -2.7000000477 
  1   1.3500000238 
  2   1.3500000238 
  3   1.3500000238 
  4   0.0000000000 
  5   0.0000000000 
  6   0.0000000000 
  7   0.0000000000 
  8   0.0000000000 
  9   0.0000000000 
  10   0.0000000000 
  11   0.0000000000 
  12   0.0000000000 
  13   0.0000000000 
  14   0.0000000000 
  15   0.0000000000 
  16   0.0000000000 
  17   0.0000000000 
  18   0.0000000000 
  19   0.0000000000 
  20   0.0000000000 
  21   0.0000000000 
  22   0.0000000000 
  23   0.0000000000 
  24   0.0000000000 
  25   0.0000000000 
  26   0.0000000000 
  27   0.0000000000 
  28   0.0000000000 
  29   0.0000000000 
  30   0.0000000000 
  31   0.0000000000 
  32   0.0000000000 
  33   0.0000000000 
  34   0.0000000000 
  35   0.0000000000 
  6   $ULS_C6$   35   -2.7000000477 
  1   1.0000000000 
  2   1.0000000000 
  3   1.0000000000 
  4   0.0000000000 
  5   0.0000000000 
  6   0.0000000000 
  7   0.0000000000 
  8   0.0000000000 
  9   0.0000000000 
  10   0.0000000000 
  11   0.0000000000 
  12   0.0000000000 
  13   0.0000000000 
  14   0.0000000000 
  15   0.0000000000 
  16   0.0000000000 
  17   0.0000000000 
  18   0.0000000000 
  19   0.0000000000 
  20   0.0000000000 
  21   0.0000000000 
  22   0.0000000000 
  23   0.0000000000 
  24   0.0000000000 
  25   0.0000000000 
  26   0.0000000000 
  27   0.0000000000 
  28   0.0000000000 
  29   0.0000000000 
  30   0.0000000000 
  31   0.0000000000 
  32   0.0000000000 
  33   0.0000000000 
  34   0.0000000000 
  35   0.0000000000 
  7   $ULS_C7$   35   -2.7000000477 
  1   1.3500000238 
  2   1.3500000238 
  3   1.3500000238 
  4   1.3500000238 
  5   0.0000000000 
  6   0.0000000000 
  7   0.0000000000 
  8   0.0000000000 
  9   0.0000000000 
  10   0.0000000000 
  11   0.0000000000 
  12   0.0000000000 
  13   0.0000000000 
  14   0.0000000000 
  15   0.0000000000 
  16   0.0000000000 
  17   0.0000000000 
  18   0.0000000000 
  19   0.0000000000 
  20   0.0000000000 
  21   0.0000000000 
  22   0.0000000000 
  23   0.0000000000 
  24   0.0000000000 
  25   0.0000000000 
  26   0.0000000000 
  27   0.0000000000 
  28   0.0000000000 
  29   0.0000000000 
  30   0.0000000000 
  31   0.0000000000 
  32   0.0000000000 
  33   0.0000000000 
  34   0.0000000000 
  35   0.0000000000 
  8   $ULS_C8$   35   -2.7000000477 
  1   1.0000000000 
  2   1.0000000000 
  3   1.0000000000 
  4   1.0000000000 
  5   0.0000000000 
  6   0.0000000000 
  7   0.0000000000 
  8   0.0000000000 
  9   0.0000000000 
  10   0.0000000000 
  11   0.0000000000 
  12   0.0000000000 
  13   0.0000000000 
  14   0.0000000000 
  15   0.0000000000 
  16   0.0000000000 
  17   0.0000000000 
  18   0.0000000000 
  19   0.0000000000 
  20   0.0000000000 
  21   0.0000000000 
  22   0.0000000000 
  23   0.0000000000 
  24   0.0000000000 
  25   0.0000000000 
  26   0.0000000000 
  27   0.0000000000 
  28   0.0000000000 
  29   0.0000000000 
  30   0.0000000000 
  31   0.0000000000 
  32   0.0000000000 
  33   0.0000000000 
  34   0.0000000000 
  35   0.0000000000 
  9   $ULS_C9$   35   -2.7000000477 
  1   1.3500000238 
  2   1.3500000238 
  3   1.3500000238 
  4   1.3500000238 
  5   1.3500000238 
  6   0.0000000000 
  7   0.0000000000 
  8   0.0000000000 
  9   0.0000000000 
  10   0.0000000000 
  11   0.0000000000 
  12   0.0000000000 
  13   0.0000000000 
  14   0.0000000000 
  15   0.0000000000 
  16   0.0000000000 
  17   0.0000000000 
  18   0.0000000000 
  19   0.0000000000 
  20   0.0000000000 
  21   0.0000000000 
  22   0.0000000000 
  23   0.0000000000 
  24   0.0000000000 
  25   0.0000000000 
  26   0.0000000000 
  27   0.0000000000 
  28   0.0000000000 
  29   0.0000000000 
  30   0.0000000000 
  31   0.0000000000 
  32   0.0000000000 
  33   0.0000000000 
  34   0.0000000000 
  35   0.0000000000 
  10   $ULS_C10$   35   -2.7000000477 
  1   1.0000000000 
  2   1.0000000000 
  3   1.0000000000 
  4   1.0000000000 
  5   1.0000000000 
  6   0.0000000000 
  7   0.0000000000 
  8   0.0000000000 
  9   0.0000000000 
  10   0.0000000000 
  11   0.0000000000 
  12   0.0000000000 
  13   0.0000000000 
  14   0.0000000000 
  15   0.0000000000 
  16   0.0000000000 
  17   0.0000000000 
  18   0.0000000000 
  19   0.0000000000 
  20   0.0000000000 
  21   0.0000000000 
  22   0.0000000000 
  23   0.0000000000 
  24   0.0000000000 
  25   0.0000000000 
  26   0.0000000000 
  27   0.0000000000 
  28   0.0000000000 
  29   0.0000000000 
  30   0.0000000000 
  31   0.0000000000 
  32   0.0000000000 
  33   0.0000000000 
  34   0.0000000000 
  35   0.0000000000 
  11   $ULS_C11$   35   -2.7000000477 
  1   1.3500000238 
  2   1.3500000238 
  3   1.3500000238 
  4   1.3500000238 
  5   1.3500000238 
  6   1.3500000238 
  7   0.0000000000 
  8   0.0000000000 
  9   0.0000000000 
  10   0.0000000000 
  11   0.0000000000 
  12   0.0000000000 
  13   0.0000000000 
  14   0.0000000000 
  15   0.0000000000 
  16   0.0000000000 
  17   0.0000000000 
  18   0.0000000000 
  19   0.0000000000 
  20   0.0000000000 
  21   0.0000000000 
  22   0.0000000000 
  23   0.0000000000 
  24   0.0000000000 
  25   0.0000000000 
  26   0.0000000000 
  27   0.0000000000 
  28   0.0000000000 
  29   0.0000000000 
  30   0.0000000000 
  31   0.0000000000 
  32   0.0000000000 
  33   0.0000000000 
  34   0.0000000000 
  35   0.0000000000 
  12   $ULS_C12$   35   -2.7000000477 
  1   1.0000000000 
  2   1.0000000000 
  3   1.0000000000 
  4   1.0000000000 
  5   1.0000000000 
  6   1.0000000000 
  7   0.0000000000 
  8   0.0000000000 
  9   0.0000000000 
  10   0.0000000000 
  11   0.0000000000 
  12   0.0000000000 
  13   0.0000000000 
  14   0.0000000000 
  15   0.0000000000 
  16   0.0000000000 
  17   0.0000000000 
  18   0.0000000000 
  19   0.0000000000 
  20   0.0000000000 
  21   0.0000000000 
  22   0.0000000000 
  23   0.0000000000 
  24   0.0000000000 
  25   0.0000000000 
  26   0.0000000000 
  27   0.0000000000 
  28   0.0000000000 
  29   0.0000000000 
  30   0.0000000000 
  31   0.0000000000 
  32   0.0000000000 
  33   0.0000000000 
  34   0.0000000000 
  35   0.0000000000 
  13   $ULS_C13$   35   -2.7000000477 
  1   1.3500000238 
  2   1.3500000238 
  3   1.3500000238 
  4   1.3500000238 
  5   1.3500000238 
  6   1.3500000238 
  7   1.0000000000 
  8   0.0000000000 
  9   0.0000000000 
  10   0.0000000000 
  11   0.0000000000 
  12   0.0000000000 
  13   0.0000000000 
  14   0.0000000000 
  15   0.0000000000 
  16   0.0000000000 
  17   0.0000000000 
  18   0.0000000000 
  19   0.0000000000 
  20   0.0000000000 
  21   0.0000000000 
  22   0.0000000000 
  23   0.0000000000 
  24   0.0000000000 
  25   0.0000000000 
  26   0.0000000000 
  27   0.0000000000 
  28   0.0000000000 
  29   0.0000000000 
  30   0.0000000000 
  31   0.0000000000 
  32   0.0000000000 
  33   0.0000000000 
  34   0.0000000000 
  35   0.0000000000 
  14   $ULS_C14$   35   -2.7000000477 
  1   1.0000000000 
  2   1.0000000000 
  3   1.0000000000 
  4   1.0000000000 
  5   1.0000000000 
  6   1.0000000000 
  7   1.0000000000 
  8   0.0000000000 
  9   0.0000000000 
  10   0.0000000000 
  11   0.0000000000 
  12   0.0000000000 
  13   0.0000000000 
  14   0.0000000000 
  15   0.0000000000 
  16   0.0000000000 
  17   0.0000000000 
  18   0.0000000000 
  19   0.0000000000 
  20   0.0000000000 
  21   0.0000000000 
  22   0.0000000000 
  23   0.0000000000 
  24   0.0000000000 
  25   0.0000000000 
  26   0.0000000000 
  27   0.0000000000 
  28   0.0000000000 
  29   0.0000000000 
  30   0.0000000000 
  31   0.0000000000 
  32   0.0000000000 
  33   0.0000000000 
  34   0.0000000000 
  35   0.0000000000 
  15   $ULS_C15$   35   -2.7000000477 
  1   1.3500000238 
  2   1.3500000238 
  3   1.3500000238 
  4   1.3500000238 
  5   1.3500000238 
  6   1.3500000238 
  7   1.0000000000 
  8   0.0000000000 
  9   0.0000000000 
  10   0.0000000000 
  11   1.0125000477 
  12   0.0000000000 
  13   0.0000000000 
  14   0.0000000000 
  15   0.0000000000 
  16   0.0000000000 
  17   0.0000000000 
  18   0.0000000000 
  19   0.0000000000 
  20   0.0000000000 
  21   0.0000000000 
  22   0.0000000000 
  23   0.2720000148 
  24   0.0000000000 
  25   0.0000000000 
  26   0.0000000000 
  27   0.5400000215 
  28   0.0000000000 
  29   0.0000000000 
  30   0.0000000000 
  31   0.0000000000 
  32   0.0000000000 
  33   0.0000000000 
  34   0.0000000000 
  35   0.0000000000 
  16   $ULS_C16$   35   -2.7000000477 
  1   1.3500000238 
  2   1.3500000238 
  3   1.3500000238 
  4   1.3500000238 
  5   1.3500000238 
  6   1.3500000238 
  7   1.0000000000 
  8   0.0000000000 
  9   0.0000000000 
  10   0.0000000000 
  11   1.3500000238 
  12   0.0000000000 
  13   0.0000000000 
  14   0.0000000000 
  15   0.0000000000 
  16   0.0000000000 
  17   0.0000000000 
  18   0.0000000000 
  19   0.0000000000 
  20   0.0000000000 
  21   0.0000000000 
  22   0.0000000000 
  23   0.6800000072 
  24   0.0000000000 
  25   0.0000000000 
  26   0.0000000000 
  27   1.3500000238 
  28   0.0000000000 
  29   0.0000000000 
  30   0.0000000000 
  31   0.0000000000 
  32   0.0000000000 
  33   0.0000000000 
  34   0.0000000000 
  35   0.0000000000 
  17   $ULS_C17$   35   -2.7000000477 
  1   1.0000000000 
  2   1.0000000000 
  3   1.0000000000 
  4   1.0000000000 
  5   1.0000000000 
  6   1.0000000000 
  7   1.0000000000 
  8   0.0000000000 
  9   0.0000000000 
  10   0.0000000000 
  11   1.0125000477 
  12   0.0000000000 
  13   0.0000000000 
  14   0.0000000000 
  15   0.0000000000 
  16   0.0000000000 
  17   0.0000000000 
  18   0.0000000000 
  19   0.0000000000 
  20   0.0000000000 
  21   0.0000000000 
  22   0.0000000000 
  23   0.2720000148 
  24   0.0000000000 
  25   0.0000000000 
  26   0.0000000000 
  27   0.5400000215 
  28   0.0000000000 
  29   0.0000000000 
  30   0.0000000000 
  31   0.0000000000 
  32   0.0000000000 
  33   0.0000000000 
  34   0.0000000000 
  35   0.0000000000 
  18   $ULS_C18$   35   -2.7000000477 
  1   1.0000000000 
  2   1.0000000000 
  3   1.0000000000 
  4   1.0000000000 
  5   1.0000000000 
  6   1.0000000000 
  7   1.0000000000 
  8   0.0000000000 
  9   0.0000000000 
  10   0.0000000000 
  11   1.3500000238 
  12   0.0000000000 
  13   0.0000000000 
  14   0.0000000000 
  15   0.0000000000 
  16   0.0000000000 
  17   0.0000000000 
  18   0.0000000000 
  19   0.0000000000 
  20   0.0000000000 
  21   0.0000000000 
  22   0.0000000000 
  23   0.6800000072 
  24   0.0000000000 
  25   0.0000000000 
  26   0.0000000000 
  27   1.3500000238 
  28   0.0000000000 
  29   0.0000000000 
  30   0.0000000000 
  31   0.0000000000 
  32   0.0000000000 
  33   0.0000000000 
  34   0.0000000000 
  35   0.0000000000 
  19   $ULS_C19$   35   -2.7000000477 
  1   1.3500000238 
  2   1.3500000238 
  3   1.3500000238 
  4   1.3500000238 
  5   1.3500000238 
  6   1.3500000238 
  7   1.0000000000 
  8   0.0000000000 
  9   0.0000000000 
  10   1.0125000477 
  11   0.0000000000 
  12   0.0000000000 
  13   0.0000000000 
  14   0.0000000000 
  15   0.0000000000 
  16   0.0000000000 
  17   0.0000000000 
  18   0.0000000000 
  19   0.0000000000 
  20   0.0000000000 
  21   0.0000000000 
  22   0.2720000148 
  23   0.0000000000 
  24   0.0000000000 
  25   0.0000000000 
  26   0.5400000215 
  27   0.0000000000 
  28   0.0000000000 
  29   0.0000000000 
  30   0.0000000000 
  31   0.0000000000 
  32   0.0000000000 
  33   0.0000000000 
  34   0.0000000000 
  35   0.0000000000 
  20   $ULS_C20$   35   -2.7000000477 
  1   1.3500000238 
  2   1.3500000238 
  3   1.3500000238 
  4   1.3500000238 
  5   1.3500000238 
  6   1.3500000238 
  7   1.0000000000 
  8   0.0000000000 
  9   0.0000000000 
  10   1.3500000238 
  11   0.0000000000 
  12   0.0000000000 
  13   0.0000000000 
  14   0.0000000000 
  15   0.0000000000 
  16   0.0000000000 
  17   0.0000000000 
  18   0.0000000000 
  19   0.0000000000 
  20   0.0000000000 
  21   0.0000000000 
  22   0.6800000072 
  23   0.0000000000 
  24   0.0000000000 
  25   0.0000000000 
  26   1.3500000238 
  27   0.0000000000 
  28   0.0000000000 
  29   0.0000000000 
  30   0.0000000000 
  31   0.0000000000 
  32   0.0000000000 
  33   0.0000000000 
  34   0.0000000000 
  35   0.0000000000 
  21   $ULS_C21$   35   -2.7000000477 
  1   1.0000000000 
  2   1.0000000000 
  3   1.0000000000 
  4   1.0000000000 
  5   1.0000000000 
  6   1.0000000000 
  7   1.0000000000 
  8   0.0000000000 
  9   0.0000000000 
  10   1.0125000477 
  11   0.0000000000 
  12   0.0000000000 
  13   0.0000000000 
  14   0.0000000000 
  15   0.0000000000 
  16   0.0000000000 
  17   0.0000000000 
  18   0.0000000000 
  19   0.0000000000 
  20   0.0000000000 
  21   0.0000000000 
  22   0.2720000148 
  23   0.0000000000 
  24   0.0000000000 
  25   0.0000000000 
  26   0.5400000215 
  27   0.0000000000 
  28   0.0000000000 
  29   0.0000000000 
  30   0.0000000000 
  31   0.0000000000 
  32   0.0000000000 
  33   0.0000000000 
  34   0.0000000000 
  35   0.0000000000 
  22   $ULS_C22$   35   -2.7000000477 
  1   1.0000000000 
  2   1.0000000000 
  3   1.0000000000 
  4   1.0000000000 
  5   1.0000000000 
  6   1.0000000000 
  7   1.0000000000 
  8   0.0000000000 
  9   0.0000000000 
  10   1.3500000238 
  11   0.0000000000 
  12   0.0000000000 
  13   0.0000000000 
  14   0.0000000000 
  15   0.0000000000 
  16   0.0000000000 
  17   0.0000000000 
  18   0.0000000000 
  19   0.0000000000 
  20   0.0000000000 
  21   0.0000000000 
  22   0.6800000072 
  23   0.0000000000 
  24   0.0000000000 
  25   0.0000000000 
  26   1.3500000238 
  27   0.0000000000 
  28   0.0000000000 
  29   0.0000000000 
  30   0.0000000000 
  31   0.0000000000 
  32   0.0000000000 
  33   0.0000000000 
  34   0.0000000000 
  35   0.0000000000 
  23   $ULS_C23$   35   -2.7000000477 
  1   1.3500000238 
  2   1.3500000238 
  3   1.3500000238 
  4   1.3500000238 
  5   1.3500000238 
  6   1.3500000238 
  7   1.0000000000 
  8   0.0000000000 
  9   1.0125000477 
  10   0.0000000000 
  11   0.0000000000 
  12   0.0000000000 
  13   0.0000000000 
  14   0.0000000000 
  15   0.0000000000 
  16   0.0000000000 
  17   0.0000000000 
  18   0.0000000000 
  19   0.0000000000 
  20   0.0000000000 
  21   0.2720000148 
  22   0.0000000000 
  23   0.0000000000 
  24   0.0000000000 
  25   0.5400000215 
  26   0.0000000000 
  27   0.0000000000 
  28   0.0000000000 
  29   0.0000000000 
  30   0.0000000000 
  31   0.0000000000 
  32   0.0000000000 
  33   0.0000000000 
  34   0.0000000000 
  35   0.0000000000 
  24   $ULS_C24$   35   -2.7000000477 
  1   1.3500000238 
  2   1.3500000238 
  3   1.3500000238 
  4   1.3500000238 
  5   1.3500000238 
  6   1.3500000238 
  7   1.0000000000 
  8   0.0000000000 
  9   1.3500000238 
  10   0.0000000000 
  11   0.0000000000 
  12   0.0000000000 
  13   0.0000000000 
  14   0.0000000000 
  15   0.0000000000 
  16   0.0000000000 
  17   0.0000000000 
  18   0.0000000000 
  19   0.0000000000 
  20   0.0000000000 
  21   0.6800000072 
  22   0.0000000000 
  23   0.0000000000 
  24   0.0000000000 
  25   1.3500000238 
  26   0.0000000000 
  27   0.0000000000 
  28   0.0000000000 
  29   0.0000000000 
  30   0.0000000000 
  31   0.0000000000 
  32   0.0000000000 
  33   0.0000000000 
  34   0.0000000000 
  35   0.0000000000 
  25   $ULS_C25$   35   -2.7000000477 
  1   1.0000000000 
  2   1.0000000000 
  3   1.0000000000 
  4   1.0000000000 
  5   1.0000000000 
  6   1.0000000000 
  7   1.0000000000 
  8   0.0000000000 
  9   1.0125000477 
  10   0.0000000000 
  11   0.0000000000 
  12   0.0000000000 
  13   0.0000000000 
  14   0.0000000000 
  15   0.0000000000 
  16   0.0000000000 
  17   0.0000000000 
  18   0.0000000000 
  19   0.0000000000 
  20   0.0000000000 
  21   0.2720000148 
  22   0.0000000000 
  23   0.0000000000 
  24   0.0000000000 
  25   0.5400000215 
  26   0.0000000000 
  27   0.0000000000 
  28   0.0000000000 
  29   0.0000000000 
  30   0.0000000000 
  31   0.0000000000 
  32   0.0000000000 
  33   0.0000000000 
  34   0.0000000000 
  35   0.0000000000 
  26   $ULS_C26$   35   -2.7000000477 
  1   1.0000000000 
  2   1.0000000000 
  3   1.0000000000 
  4   1.0000000000 
  5   1.0000000000 
  6   1.0000000000 
  7   1.0000000000 
  8   0.0000000000 
  9   1.3500000238 
  10   0.0000000000 
  11   0.0000000000 
  12   0.0000000000 
  13   0.0000000000 
  14   0.0000000000 
  15   0.0000000000 
  16   0.0000000000 
  17   0.0000000000 
  18   0.0000000000 
  19   0.0000000000 
  20   0.0000000000 
  21   0.6800000072 
  22   0.0000000000 
  23   0.0000000000 
  24   0.0000000000 
  25   1.3500000238 
  26   0.0000000000 
  27   0.0000000000 
  28   0.0000000000 
  29   0.0000000000 
  30   0.0000000000 
  31   0.0000000000 
  32   0.0000000000 
  33   0.0000000000 
  34   0.0000000000 
  35   0.0000000000 
  27   $ULS_C27$   35   -2.7000000477 
  1   1.3500000238 
  2   1.3500000238 
  3   1.3500000238 
  4   1.3500000238 
  5   1.3500000238 
  6   1.3500000238 
  7   1.0000000000 
  8   1.3500000238 
  9   0.0000000000 
  10   0.0000000000 
  11   0.0000000000 
  12   0.0000000000 
  13   0.0000000000 
  14   0.0000000000 
  15   0.0000000000 
  16   0.0000000000 
  17   0.0000000000 
  18   0.0000000000 
  19   0.0000000000 
  20   0.6800000072 
  21   0.0000000000 
  22   0.0000000000 
  23   0.0000000000 
  24   1.3500000238 
  25   0.0000000000 
  26   0.0000000000 
  27   0.0000000000 
  28   0.0000000000 
  29   0.0000000000 
  30   0.0000000000 
  31   0.0000000000 
  32   0.0000000000 
  33   0.0000000000 
  34   0.0000000000 
  35   0.0000000000 
  28   $ULS_C28$   35   -2.7000000477 
  1   1.3500000238 
  2   1.3500000238 
  3   1.3500000238 
  4   1.3500000238 
  5   1.3500000238 
  6   1.3500000238 
  7   1.0000000000 
  8   1.0125000477 
  9   0.0000000000 
  10   0.0000000000 
  11   0.0000000000 
  12   0.0000000000 
  13   0.0000000000 
  14   0.0000000000 
  15   0.0000000000 
  16   0.0000000000 
  17   0.0000000000 
  18   0.0000000000 
  19   0.0000000000 
  20   0.2720000148 
  21   0.0000000000 
  22   0.0000000000 
  23   0.0000000000 
  24   0.5400000215 
  25   0.0000000000 
  26   0.0000000000 
  27   0.0000000000 
  28   0.0000000000 
  29   0.0000000000 
  30   0.0000000000 
  31   0.0000000000 
  32   0.0000000000 
  33   0.0000000000 
  34   0.0000000000 
  35   0.0000000000 
  29   $ULS_C29$   35   -2.7000000477 
  1   1.0000000000 
  2   1.0000000000 
  3   1.0000000000 
  4   1.0000000000 
  5   1.0000000000 
  6   1.0000000000 
  7   1.0000000000 
  8   1.3500000238 
  9   0.0000000000 
  10   0.0000000000 
  11   0.0000000000 
  12   0.0000000000 
  13   0.0000000000 
  14   0.0000000000 
  15   0.0000000000 
  16   0.0000000000 
  17   0.0000000000 
  18   0.0000000000 
  19   0.0000000000 
  20   0.6800000072 
  21   0.0000000000 
  22   0.0000000000 
  23   0.0000000000 
  24   1.3500000238 
  25   0.0000000000 
  26   0.0000000000 
  27   0.0000000000 
  28   0.0000000000 
  29   0.0000000000 
  30   0.0000000000 
  31   0.0000000000 
  32   0.0000000000 
  33   0.0000000000 
  34   0.0000000000 
  35   0.0000000000 
  30   $ULS_C30$   35   -2.7000000477 
  1   1.0000000000 
  2   1.0000000000 
  3   1.0000000000 
  4   1.0000000000 
  5   1.0000000000 
  6   1.0000000000 
  7   1.0000000000 
  8   1.0125000477 
  9   0.0000000000 
  10   0.0000000000 
  11   0.0000000000 
  12   0.0000000000 
  13   0.0000000000 
  14   0.0000000000 
  15   0.0000000000 
  16   0.0000000000 
  17   0.0000000000 
  18   0.0000000000 
  19   0.0000000000 
  20   0.2720000148 
  21   0.0000000000 
  22   0.0000000000 
  23   0.0000000000 
  24   0.5400000215 
  25   0.0000000000 
  26   0.0000000000 
  27   0.0000000000 
  28   0.0000000000 
  29   0.0000000000 
  30   0.0000000000 
  31   0.0000000000 
  32   0.0000000000 
  33   0.0000000000 
  34   0.0000000000 
  35   0.0000000000 
  31   $ULS_C31$   35   -2.7000000477 
  1   1.3500000238 
  2   1.3500000238 
  3   1.3500000238 
  4   1.3500000238 
  5   1.3500000238 
  6   1.3500000238 
  7   1.0000000000 
  8   0.0000000000 
  9   0.0000000000 
  10   0.0000000000 
  11   0.0000000000 
  12   0.0000000000 
  13   0.0000000000 
  14   0.0000000000 
  15   1.3500000238 
  16   0.0000000000 
  17   0.0000000000 
  18   0.0000000000 
  19   0.0000000000 
  20   0.0000000000 
  21   0.0000000000 
  22   0.0000000000 
  23   0.0000000000 
  24   0.0000000000 
  25   0.0000000000 
  26   0.0000000000 
  27   0.0000000000 
  28   0.0000000000 
  29   0.0000000000 
  30   0.0000000000 
  31   1.3500000238 
  32   0.0000000000 
  33   0.0000000000 
  34   0.0000000000 
  35   0.0000000000 
  32   $ULS_C32$   35   -2.7000000477 
  1   1.0000000000 
  2   1.0000000000 
  3   1.0000000000 
  4   1.0000000000 
  5   1.0000000000 
  6   1.0000000000 
  7   1.0000000000 
  8   0.0000000000 
  9   0.0000000000 
  10   0.0000000000 
  11   0.0000000000 
  12   0.0000000000 
  13   0.0000000000 
  14   0.0000000000 
  15   1.3500000238 
  16   0.0000000000 
  17   0.0000000000 
  18   0.0000000000 
  19   0.0000000000 
  20   0.0000000000 
  21   0.0000000000 
  22   0.0000000000 
  23   0.0000000000 
  24   0.0000000000 
  25   0.0000000000 
  26   0.0000000000 
  27   0.0000000000 
  28   0.0000000000 
  29   0.0000000000 
  30   0.0000000000 
  31   1.3500000238 
  32   0.0000000000 
  33   0.0000000000 
  34   0.0000000000 
  35   0.0000000000 
  33   $ULS_C33$   35   -2.7000000477 
  1   1.3500000238 
  2   1.3500000238 
  3   1.3500000238 
  4   1.3500000238 
  5   1.3500000238 
  6   1.3500000238 
  7   1.0000000000 
  8   0.0000000000 
  9   0.0000000000 
  10   0.0000000000 
  11   0.0000000000 
  12   0.0000000000 
  13   0.0000000000 
  14   1.3500000238 
  15   0.0000000000 
  16   0.0000000000 
  17   0.0000000000 
  18   0.0000000000 
  19   0.0000000000 
  20   0.0000000000 
  21   0.0000000000 
  22   0.0000000000 
  23   0.0000000000 
  24   0.0000000000 
  25   0.0000000000 
  26   0.0000000000 
  27   0.0000000000 
  28   0.0000000000 
  29   0.0000000000 
  30   1.3500000238 
  31   0.0000000000 
  32   0.0000000000 
  33   0.0000000000 
  34   0.0000000000 
  35   0.0000000000 
  34   $ULS_C34$   35   -2.7000000477 
  1   1.0000000000 
  2   1.0000000000 
  3   1.0000000000 
  4   1.0000000000 
  5   1.0000000000 
  6   1.0000000000 
  7   1.0000000000 
  8   0.0000000000 
  9   0.0000000000 
  10   0.0000000000 
  11   0.0000000000 
  12   0.0000000000 
  13   0.0000000000 
  14   1.3500000238 
  15   0.0000000000 
  16   0.0000000000 
  17   0.0000000000 
  18   0.0000000000 
  19   0.0000000000 
  20   0.0000000000 
  21   0.0000000000 
  22   0.0000000000 
  23   0.0000000000 
  24   0.0000000000 
  25   0.0000000000 
  26   0.0000000000 
  27   0.0000000000 
  28   0.0000000000 
  29   0.0000000000 
  30   1.3500000238 
  31   0.0000000000 
  32   0.0000000000 
  33   0.0000000000 
  34   0.0000000000 
  35   0.0000000000 
  35   $ULS_C35$   35   -2.7000000477 
  1   1.3500000238 
  2   1.3500000238 
  3   1.3500000238 
  4   1.3500000238 
  5   1.3500000238 
  6   1.3500000238 
  7   1.0000000000 
  8   0.0000000000 
  9   0.0000000000 
  10   0.0000000000 
  11   0.0000000000 
  12   0.0000000000 
  13   1.3500000238 
  14   0.0000000000 
  15   0.0000000000 
  16   0.0000000000 
  17   0.0000000000 
  18   0.0000000000 
  19   0.0000000000 
  20   0.0000000000 
  21   0.0000000000 
  22   0.0000000000 
  23   0.0000000000 
  24   0.0000000000 
  25   0.0000000000 
  26   0.0000000000 
  27   0.0000000000 
  28   0.0000000000 
  29   1.3500000238 
  30   0.0000000000 
  31   0.0000000000 
  32   0.0000000000 
  33   0.0000000000 
  34   0.0000000000 
  35   0.0000000000 
  36   $ULS_C36$   35   -2.7000000477 
  1   1.0000000000 
  2   1.0000000000 
  3   1.0000000000 
  4   1.0000000000 
  5   1.0000000000 
  6   1.0000000000 
  7   1.0000000000 
  8   0.0000000000 
  9   0.0000000000 
  10   0.0000000000 
  11   0.0000000000 
  12   0.0000000000 
  13   1.3500000238 
  14   0.0000000000 
  15   0.0000000000 
  16   0.0000000000 
  17   0.0000000000 
  18   0.0000000000 
  19   0.0000000000 
  20   0.0000000000 
  21   0.0000000000 
  22   0.0000000000 
  23   0.0000000000 
  24   0.0000000000 
  25   0.0000000000 
  26   0.0000000000 
  27   0.0000000000 
  28   0.0000000000 
  29   1.3500000238 
  30   0.0000000000 
  31   0.0000000000 
  32   0.0000000000 
  33   0.0000000000 
  34   0.0000000000 
  35   0.0000000000 
  37   $ULS_C37$   35   -2.7000000477 
  1   1.3500000238 
  2   1.3500000238 
  3   1.3500000238 
  4   1.3500000238 
  5   1.3500000238 
  6   1.3500000238 
  7   1.0000000000 
  8   0.0000000000 
  9   0.0000000000 
  10   0.0000000000 
  11   0.0000000000 
  12   1.3500000238 
  13   0.0000000000 
  14   0.0000000000 
  15   0.0000000000 
  16   0.0000000000 
  17   0.0000000000 
  18   0.0000000000 
  19   0.0000000000 
  20   0.0000000000 
  21   0.0000000000 
  22   0.0000000000 
  23   0.0000000000 
  24   0.0000000000 
  25   0.0000000000 
  26   0.0000000000 
  27   0.0000000000 
  28   1.3500000238 
  29   0.0000000000 
  30   0.0000000000 
  31   0.0000000000 
  32   0.0000000000 
  33   0.0000000000 
  34   0.0000000000 
  35   0.0000000000 
  38   $ULS_C38$   35   -2.7000000477 
  1   1.0000000000 
  2   1.0000000000 
  3   1.0000000000 
  4   1.0000000000 
  5   1.0000000000 
  6   1.0000000000 
  7   1.0000000000 
  8   0.0000000000 
  9   0.0000000000 
  10   0.0000000000 
  11   0.0000000000 
  12   1.3500000238 
  13   0.0000000000 
  14   0.0000000000 
  15   0.0000000000 
  16   0.0000000000 
  17   0.0000000000 
  18   0.0000000000 
  19   0.0000000000 
  20   0.0000000000 
  21   0.0000000000 
  22   0.0000000000 
  23   0.0000000000 
  24   0.0000000000 
  25   0.0000000000 
  26   0.0000000000 
  27   0.0000000000 
  28   1.3500000238 
  29   0.0000000000 
  30   0.0000000000 
  31   0.0000000000 
  32   0.0000000000 
  33   0.0000000000 
  34   0.0000000000 
  35   0.0000000000 
  39   $ULS_C39$   35   -2.7000000477 
  1   1.3500000238 
  2   1.3500000238 
  3   1.3500000238 
  4   1.3500000238 
  5   1.3500000238 
  6   1.3500000238 
  7   1.0000000000 
  8   0.0000000000 
  9   0.0000000000 
  10   0.0000000000 
  11   0.0000000000 
  12   0.0000000000 
  13   0.0000000000 
  14   0.0000000000 
  15   0.0000000000 
  16   0.0000000000 
  17   0.0000000000 
  18   0.0000000000 
  19   0.0000000000 
  20   0.0000000000 
  21   0.0000000000 
  22   0.0000000000 
  23   0.0000000000 
  24   0.0000000000 
  25   0.0000000000 
  26   0.0000000000 
  27   0.0000000000 
  28   0.0000000000 
  29   0.0000000000 
  30   0.0000000000 
  31   0.0000000000 
  32   0.0000000000 
  33   0.0000000000 
  34   0.0000000000 
  35   1.3500000238 
  40   $ULS_C40$   35   -2.7000000477 
  1   1.0000000000 
  2   1.0000000000 
  3   1.0000000000 
  4   1.0000000000 
  5   1.0000000000 
  6   1.0000000000 
  7   1.0000000000 
  8   0.0000000000 
  9   0.0000000000 
  10   0.0000000000 
  11   0.0000000000 
  12   0.0000000000 
  13   0.0000000000 
  14   0.0000000000 
  15   0.0000000000 
  16   0.0000000000 
  17   0.0000000000 
  18   0.0000000000 
  19   0.0000000000 
  20   0.0000000000 
  21   0.0000000000 
  22   0.0000000000 
  23   0.0000000000 
  24   0.0000000000 
  25   0.0000000000 
  26   0.0000000000 
  27   0.0000000000 
  28   0.0000000000 
  29   0.0000000000 
  30   0.0000000000 
  31   0.0000000000 
  32   0.0000000000 
  33   0.0000000000 
  34   0.0000000000 
  35   1.3500000238 
  41   $ULS_C41$   35   -2.7000000477 
  1   1.3500000238 
  2   1.3500000238 
  3   1.3500000238 
  4   1.3500000238 
  5   1.3500000238 
  6   1.3500000238 
  7   1.0000000000 
  8   0.0000000000 
  9   0.0000000000 
  10   0.0000000000 
  11   0.0000000000 
  12   0.0000000000 
  13   0.0000000000 
  14   0.0000000000 
  15   0.0000000000 
  16   0.0000000000 
  17   0.0000000000 
  18   0.0000000000 
  19   0.0000000000 
  20   0.0000000000 
  21   0.0000000000 
  22   0.0000000000 
  23   0.0000000000 
  24   0.0000000000 
  25   0.0000000000 
  26   0.0000000000 
  27   0.0000000000 
  28   0.0000000000 
  29   0.0000000000 
  30   0.0000000000 
  31   0.0000000000 
  32   0.0000000000 
  33   0.0000000000 
  34   1.3500000238 
  35   0.0000000000 
  42   $ULS_C42$   35   -2.7000000477 
  1   1.0000000000 
  2   1.0000000000 
  3   1.0000000000 
  4   1.0000000000 
  5   1.0000000000 
  6   1.0000000000 
  7   1.0000000000 
  8   0.0000000000 
  9   0.0000000000 
  10   0.0000000000 
  11   0.0000000000 
  12   0.0000000000 
  13   0.0000000000 
  14   0.0000000000 
  15   0.0000000000 
  16   0.0000000000 
  17   0.0000000000 
  18   0.0000000000 
  19   0.0000000000 
  20   0.0000000000 
  21   0.0000000000 
  22   0.0000000000 
  23   0.0000000000 
  24   0.0000000000 
  25   0.0000000000 
  26   0.0000000000 
  27   0.0000000000 
  28   0.0000000000 
  29   0.0000000000 
  30   0.0000000000 
  31   0.0000000000 
  32   0.0000000000 
  33   0.0000000000 
  34   1.3500000238 
  35   0.0000000000 
  43   $ULS_C43$   35   -2.7000000477 
  1   1.3500000238 
  2   1.3500000238 
  3   1.3500000238 
  4   1.3500000238 
  5   1.3500000238 
  6   1.3500000238 
  7   1.0000000000 
  8   0.0000000000 
  9   0.0000000000 
  10   0.0000000000 
  11   0.0000000000 
  12   0.0000000000 
  13   0.0000000000 
  14   0.0000000000 
  15   0.0000000000 
  16   0.0000000000 
  17   0.0000000000 
  18   0.0000000000 
  19   0.0000000000 
  20   0.0000000000 
  21   0.0000000000 
  22   0.0000000000 
  23   0.0000000000 
  24   0.0000000000 
  25   0.0000000000 
  26   0.0000000000 
  27   0.0000000000 
  28   0.0000000000 
  29   0.0000000000 
  30   0.0000000000 
  31   0.0000000000 
  32   0.0000000000 
  33   1.3500000238 
  34   0.0000000000 
  35   0.0000000000 
  44   $ULS_C44$   35   -2.7000000477 
  1   1.0000000000 
  2   1.0000000000 
  3   1.0000000000 
  4   1.0000000000 
  5   1.0000000000 
  6   1.0000000000 
  7   1.0000000000 
  8   0.0000000000 
  9   0.0000000000 
  10   0.0000000000 
  11   0.0000000000 
  12   0.0000000000 
  13   0.0000000000 
  14   0.0000000000 
  15   0.0000000000 
  16   0.0000000000 
  17   0.0000000000 
  18   0.0000000000 
  19   0.0000000000 
  20   0.0000000000 
  21   0.0000000000 
  22   0.0000000000 
  23   0.0000000000 
  24   0.0000000000 
  25   0.0000000000 
  26   0.0000000000 
  27   0.0000000000 
  28   0.0000000000 
  29   0.0000000000 
  30   0.0000000000 
  31   0.0000000000 
  32   0.0000000000 
  33   1.3500000238 
  34   0.0000000000 
  35   0.0000000000 
  45   $ULS_C45$   35   -2.7000000477 
  1   1.3500000238 
  2   1.3500000238 
  3   1.3500000238 
  4   1.3500000238 
  5   1.3500000238 
  6   1.3500000238 
  7   1.0000000000 
  8   0.0000000000 
  9   0.0000000000 
  10   0.0000000000 
  11   0.0000000000 
  12   0.0000000000 
  13   0.0000000000 
  14   0.0000000000 
  15   0.0000000000 
  16   0.0000000000 
  17   0.0000000000 
  18   0.0000000000 
  19   0.0000000000 
  20   0.0000000000 
  21   0.0000000000 
  22   0.0000000000 
  23   0.0000000000 
  24   0.0000000000 
  25   0.0000000000 
  26   0.0000000000 
  27   0.0000000000 
  28   0.0000000000 
  29   0.0000000000 
  30   0.0000000000 
  31   0.0000000000 
  32   1.3500000238 
  33   0.0000000000 
  34   0.0000000000 
  35   0.0000000000 
  46   $ULS_C46$   35   -2.7000000477 
  1   1.0000000000 
  2   1.0000000000 
  3   1.0000000000 
  4   1.0000000000 
  5   1.0000000000 
  6   1.0000000000 
  7   1.0000000000 
  8   0.0000000000 
  9   0.0000000000 
  10   0.0000000000 
  11   0.0000000000 
  12   0.0000000000 
  13   0.0000000000 
  14   0.0000000000 
  15   0.0000000000 
  16   0.0000000000 
  17   0.0000000000 
  18   0.0000000000 
  19   0.0000000000 
  20   0.0000000000 
  21   0.0000000000 
  22   0.0000000000 
  23   0.0000000000 
  24   0.0000000000 
  25   0.0000000000 
  26   0.0000000000 
  27   0.0000000000 
  28   0.0000000000 
  29   0.0000000000 
  30   0.0000000000 
  31   0.0000000000 
  32   1.3500000238 
  33   0.0000000000 
  34   0.0000000000 
  35   0.0000000000 
=======================================
=======================================
 SLS   1    
  1   $ENVELOPE_SLS$   23  
  1  
  2  
  3  
  4  
  5  
  6  
  7  
  8  
  9  
  10  
  11  
  12  
  13  
  14  
  15  
  16  
  17  
  18  
  19  
  20  
  21  
  22  
  23  
 ULS   1    
  1   $ENVELOPE_ULS$   46  
  1  
  2  
  3  
  4  
  5  
  6  
  7  
  8  
  9  
  10  
  11  
  12  
  13  
  14  
  15  
  16  
  17  
  18  
  19  
  20  
  21  
  22  
  23  
  24  
  25  
  26  
  27  
  28  
  29  
  30  
  31  
  32  
  33  
  34  
  35  
  36  
  37  
  38  
  39  
  40  
  41  
  42  
  43  
  44  
  45  
  46  
SPECIFICATIONS FILE FOR AUTOMATIC COMBINATION GENERATION
7 23
    1     0   100   199 
    2     0   200   299 
    3     0   300   399 
    4     0   400   499 
    5     0   500   599 
    6     0   600   699 
    7     0   700   799 
    8     2   800   899 
    9     2   900   999 
   10     2  1000  1099 
   11     2  1100  1199 
   12     2  1200  1299 
   13     2  1300  1399 
   14    10  2000  2099  2100  2199  2200  2299  2300  2399
   15     3  3000  3099  3100  3199  3200  3299  3300  3399
   16    10  4000  4099  4100  4199  4200  4299  4300  4399
   17    11  5000  5099  5100  5199  5200  5299  5300  5399
   18    10  6000  6099  6100  6199  6200  6299  6300  6399
   19    11  7000  7099  7100  7199  7200  7299  7300  7399
   20     4  8000  8099  8100  8199  8200  8299  8300  8399
   21     4  9000  9099  9100  9199  9200  9299  9300  9399
   22     3 10000 10099 10100 10199 10200 10299 10300 10399
   23     3 11000 11099 11100 11199 11200 11299 11300 11399
   24     7 20000 20099 20100 20199 20200 20299 20300 20399
   25     3 21000 21099 21100 21199 21200 21299 21300 21399
   26    13 15000 15099 15100 15199 15200 15299 15300 15399
   27    13 16000 16099 16100 16199 16200 16299 16300 16399
   28    13 17000 17099 17100 17199 17200 17299 17300 17399
   29    13 18000 18099 18100 18199 18200 18299 18300 18399
   30    13 19000 19099 19100 19199 19200 19299 19300 19399
COEFFICIENTS FOR SLS COMBINATIONS FOR EVERY GROUP
6 3
    1   1.00  1.00  0.00  0.00  0.00  0.00
    2   1.00  1.00  0.00  0.00  0.00  0.00
    3   1.00  1.00  0.00  0.00  0.00  0.00
    4   1.00  1.00  0.00  0.00  0.00  0.00
    5   1.00  1.00  0.00  0.00  0.00  0.00
    6   1.00  1.00  0.00  0.00  0.00  0.00
    7   1.00  1.00  0.00  0.00  0.00  0.00
    8   1.00  1.00  0.00  0.00  0.00  0.00
    9   1.00  1.00  0.60  0.60  0.50  0.80
   10   0.60  0.60  0.00  0.00  0.00  0.00
   11   1.00  1.00  0.00  0.00  0.00  0.00
   12   1.00  1.00  0.00  0.00  0.00  0.00
   13   1.00  1.00  0.00  0.00  0.00  0.00
   14   0.50  0.50  0.20  0.20  0.00  0.40
   15   0.80  0.80  0.00  0.00  0.00  0.00
   16   1.00  1.00  0.75  0.75  0.00  0.80
   17   1.00  1.00  0.00  0.00  0.00  1.00
   18   1.00  1.00  0.40  0.40  0.00  0.80
   19   1.00  1.00  0.00  0.00  0.00  2.00
   20   1.00  1.00  0.00  0.75  0.00  0.80
   21   1.00  1.00  0.00  0.00  0.00  0.80
   22   1.00  1.00  0.00  0.00  0.00  0.00
   23   1.00  1.00  0.00  0.00  0.00  0.00
   24   1.00  1.00  0.00  0.00  0.00  0.00
   25   1.00  1.00  0.00  0.00  0.00  0.00
   26   1.00  1.00  0.75  0.75  0.00  0.00
   27   0.60  0.60  0.40  0.00  0.00  0.00
   28   1.00  1.00  0.40  0.40  0.00  0.00
   29   1.00  1.00  0.00  0.00  0.00  0.00
   29   1.00  1.00  0.00  0.00  0.00  0.00
COEFFICIENTS FOR ULS COMBINATIONS FOR EVERY GROUP
    1  1.35  1.00  0.00
    2  1.35  1.00  0.00
    3  1.35  1.00  0.00
    4  1.00  1.00  0.00
    5  1.00  1.00  0.00
    6  1.00  1.00  0.00
    7  1.00  1.00  0.00
    8  1.00  1.00  0.00
    9  1.50  1.50  0.00
   10  0.90  0.90  0.00
   11  1.35  1.35  0.00
   12  1.50  1.50  0.00
   13  1.50  1.50  0.00
   14  0.68  0.68  0.40
   15  1.16  1.16  0.00
   16  1.35  1.35  0.75
   17  1.35  1.35  0.00
   18  1.35  1.35  0.40
   19  1.35  1.35  0.00
   20  1.35  1.35  0.00
   21  1.35  1.35  0.00
   22  1.45  1.45  0.00
   23  1.45  1.45  0.00
   24  1.35  1.35  0.00
   25  1.35  1.35  0.00
   26  1.35  1.35  0.75
   27  1.35  1.35  0.40
   28  0.68  0.68  0.40
   29  1.35  1.35  0.00
   29  1.35  1.35  0.00
=======================================
=======================================
Pct_Data_Ver4
  23
  3
 6.1624879837 
 6.1624879837 
 6.1624879837 
 6.1624879837 
 6.1624879837 
 6.1624879837 
 6.1624879837 
 6.1624879837 
 6.1624879837 
 6.1624879837 
 6.1624879837 
 6.1624879837 
 6.1624879837 
 6.1624879837 
 6.1624879837 
 6.1624879837 
 6.1624879837 
 6.1624879837 
 6.1624879837 
 6.1624879837 
 6.1624879837 
 6.1624879837 
 6.1624879837 
  0
 0.0000000000 
  3
 3.0000000000  0.0000000000   0   L150x150x12  150.0000000000  12.0000000000  3480.0000000000  3030000.0000000000 
 3.0000000000  0.0000000000   0   L150x150x12  150.0000000000  12.0000000000  3480.0000000000  3030000.0000000000 
 3.0000000000  0.0000000000   0   L150x150x12  150.0000000000  12.0000000000  3480.0000000000  3030000.0000000000 
 2.0000000000 
 0.0000000000 
 0.0000000000 
 0.0000000000 
  0
 0.0000000000 
 0.0000000000 
 0.0000000000 
 0.0000000000 
 0.0000000000 
 0.0000000000 
 0.0000000000 
